0,0.3125
1,0.3125
2,0.3125
3,0.3125
4,0.3125
5,0.3125
6,0.3125
7,0.3125
8,0.3125
9,0.3125
10,0.3125
11,0.3125
12,0.3125
13,0.3125
14,0.3125
15,0.3125
16,0.3125
17,0.3125
18,0.3125
19,0.3125
20,0.3125
21,0.3125
22,0.3125
23,0.3125
24,0.3125
25,0.3125
26,0.3125
27,0.3125
28,0.3125
29,0.3125
30,0.3125
31,0.3125
32,0.3125
33,0.3125
34,0.3125
35,0.3125
36,0.3125
37,0.3125
38,0.3125
39,0.3125
40,0.3125
41,0.3125
42,0.3125
43,0.3125
44,0.3125
45,0.3125
46,0.3125
47,0.3125
48,0.3125
49,0.3125
50,0.3125
51,0.3125
52,0.3125
53,0.3125
54,0.3125
55,0.3125
56,0.3125
57,0.3125
58,0.3125
59,0.3125
60,0.3125
61,0.3125
62,0.3125
63,0.3125
64,0.3125
65,0.3125
66,0.3125
67,0.3125
68,0.3125
69,0.3125
70,0.3125
71,0.3125
72,0.3125
73,0.3125
74,0.3125
75,0.3125
76,0.3125
77,0.3125
78,0.3125
79,0.3125
80,0.3125
81,0.3125
82,0.3125
83,0.3125
84,0.3125
85,0.3125
86,0.3125
87,0.3125
88,0.3125
89,0.3125
90,0.3125
91,0.3125
92,0.3125
93,0.3125
94,0.3125
95,0.3125
96,0.3125
97,0.3125
98,0.3125
99,0.3125
100,0.3125
101,0.3125
102,0.3125
103,0.3125
104,0.3125
105,0.3125
106,0.3125
107,0.3125
108,0.3125
109,0.3125
110,0.3125
111,0.3125
112,0.3125
113,0.3125
114,0.3125
115,0.3125
116,0.3125
117,0.3125
118,0.3125
119,0.3125
120,0.3125
121,0.3125
122,0.3125
123,0.3125
124,0.3125
125,0.3125
126,0.3125
127,0.3125
128,0.3125
129,0.3125
130,0.3125
131,0.3125
132,0.3125
133,0.3125
134,0.3125
135,0.3125
136,0.3125
137,0.3125
138,0.3125
139,0.3125
140,0.3125
141,0.3125
142,0.3125
143,0.3125
144,0.3125
145,0.3125
146,0.3125
147,0.3125
148,0.3125
149,0.3125
150,0.3125
151,0.3125
152,0.3125
153,0.3125
154,0.3125
155,0.3125
156,0.3125
157,0.3125
158,0.3125
159,0.3125
160,0.3125
161,0.3125
162,0.3125
163,0.3125
164,0.3125
165,0.3125
166,0.3125
167,0.3125
168,0.3125
169,0.3125
170,0.3125
171,0.3125
172,0.3125
173,0.3125
174,0.3125
175,0.3125
176,0.3125
177,0.3125
178,0.3125
179,0.3125
180,0.3125
181,0.3125
182,0.3125
183,0.3125
184,0.3125
185,0.3125
186,0.3125
187,0.3125
188,0.3125
189,0.3125
190,0.3125
191,0.3125
192,0.3125
193,0.3125
194,0.3125
195,0.3125
196,0.3125
197,0.3125
198,0.3125
199,0.3125
200,0.3125
201,0.3125
202,0.3125
203,0.3125
204,0.3125
205,0.3125
206,0.3125
207,0.3125
208,0.3125
209,0.3125
210,0.3125
211,0.3125
212,0.3125
213,0.3125
214,0.3125
215,0.3125
216,0.3125
217,0.3125
218,0.3125
219,0.3125
220,0.3125
221,0.3125
222,0.3125
223,0.3125
224,0.3125
225,0.3125
226,0.3125
227,0.3125
228,0.3125
229,0.3125
230,0.3125
231,0.3125
232,0.3125
233,0.3125
234,0.3125
235,0.3125
236,0.3125
237,0.3125
238,0.3125
239,0.3125
240,0.3125
241,0.3125
242,0.3125
243,0.3125
244,0.3125
245,0.3125
246,0.3125
247,0.3125
248,0.3125
249,0.3125
250,0.3125
251,0.3125
252,0.3125
253,0.3125
254,0.3125
255,0.3125
256,0.3125
257,0.3125
258,0.3125
259,0.3125
260,0.3125
261,0.3125
262,0.3125
263,0.3125
264,0.3125
265,0.3125
266,0.3125
267,0.3125
268,0.3125
269,0.3125
270,0.3125
271,0.3125
272,0.3125
273,0.3125
274,0.3125
275,0.3125
276,0.3125
277,0.3125
278,0.3125
279,0.3125
280,0.3125
281,0.3125
282,0.3125
283,0.3125
284,0.3125
285,0.3125
286,0.3125
287,0.3125
288,0.3125
289,0.3125
290,0.3125
291,0.3125
292,0.3125
293,0.3125
294,0.3125
295,0.3125
296,0.3125
297,0.3125
298,0.3125
299,0.3125
300,0.3125
301,0.3125
302,0.3125
303,0.3125
304,0.3125
305,0.3125
306,0.3125
307,0.3125
308,0.3125
309,0.3125
310,0.3125
311,0.3125
312,0.3125
313,0.3125
314,0.3125
315,0.3125
316,0.3125
317,0.3125
318,0.3125
319,0.3125
320,0.3125
321,0.3125
322,0.3125
323,0.3125
324,0.3125
325,0.3125
326,0.3125
327,0.3125
328,0.3125
329,0.3125
330,0.3125
331,0.3125
332,0.3125
333,0.3125
334,0.3125
335,0.3125
336,0.3125
337,0.3125
338,0.3125
339,0.3125
340,0.3125
341,0.3125
342,0.3125
343,0.3125
344,0.3125
345,0.3125
346,0.3125
347,0.3125
348,0.3125
349,0.3125
350,0.3125
351,0.3125
352,0.3125
353,0.3125
354,0.3125
355,0.3125
356,0.3125
357,0.3125
358,0.3125
359,0.3125
360,0.3125
361,0.3125
362,0.3125
363,0.3125
364,0.3125
365,0.3125
366,0.3125
367,0.3125
368,0.3125
369,0.3125
370,0.3125
371,0.3125
372,0.3125
373,0.3125
374,0.3125
375,0.3125
376,0.3125
377,0.3125
378,0.3125
379,0.3125
380,0.3125
381,0.3125
382,0.3125
383,0.3125
384,0.3125
385,0.3125
386,0.3125
387,0.3125
388,0.3125
389,0.3125
390,0.3125
391,0.3125
392,0.3125
393,0.3125
394,0.3125
395,0.3125
396,0.3125
397,0.3125
398,0.3125
399,0.3125
400,0.3125
401,0.3125
402,0.3125
403,0.3125
404,0.3125
405,0.3125
406,0.3125
407,0.3125
408,0.3125
409,0.3125
410,0.3125
411,0.3125
412,0.3125
413,0.3125
414,0.3125
415,0.3125
416,0.3125
417,0.3125
418,0.3125
419,0.3125
420,0.3125
421,0.3125
422,0.3125
423,0.3125
424,0.3125
425,0.3125
426,0.3125
427,0.3125
428,0.3125
429,0.3125
430,0.3125
431,0.3125
432,0.3125
433,0.3125
434,0.3125
435,0.3125
436,0.3125
437,0.3125
438,0.3125
439,0.3125
440,0.3125
441,0.3125
442,0.3125
443,0.3125
444,0.3125
445,0.3125
446,0.3125
447,0.3125
448,0.3125
449,0.3125
450,0.3125
451,0.3125
452,0.3125
453,0.3125
454,0.3125
455,0.3125
456,0.3125
457,0.3125
458,0.3125
459,0.3125
460,0.3125
461,0.3125
462,0.3125
463,0.3125
464,0.3125
465,0.3125
466,0.3125
467,0.3125
468,0.3125
469,0.3125
470,0.3125
471,0.3125
472,0.3125
473,0.3125
474,0.3125
475,0.3125
476,0.3125
477,0.3125
478,0.3125
479,0.3125
480,0.3125
481,0.3125
482,0.3125
483,0.3125
484,0.3125
485,0.3125
486,0.3125
487,0.3125
488,0.3125
489,0.3125
490,0.3125
491,0.3125
492,0.3125
493,0.3125
494,0.3125
495,0.3125
496,0.3125
497,0.3125
498,0.3125
499,0.3125
0,0.40625
1,0.4375
2,0.4375
3,0.4375
4,0.4375
5,0.4375
6,0.4375
7,0.4375
8,0.4375
9,0.4375
10,0.4375
11,0.4375
12,0.4375
13,0.4375
14,0.4375
15,0.4375
16,0.4375
17,0.4375
18,0.4375
19,0.4375
20,0.4375
21,0.4375
22,0.4375
23,0.4375
24,0.4375
25,0.4375
26,0.4375
27,0.4375
28,0.4375
29,0.4375
30,0.4375
31,0.4375
32,0.4375
33,0.4375
34,0.4375
35,0.4375
36,0.4375
37,0.4375
38,0.4375
39,0.4375
40,0.4375
41,0.4375
42,0.4375
43,0.4375
44,0.4375
45,0.4375
46,0.4375
47,0.4375
48,0.4375
49,0.4375
50,0.4375
51,0.4375
52,0.4375
53,0.4375
54,0.4375
55,0.4375
56,0.4375
57,0.4375
58,0.4375
59,0.4375
60,0.4375
61,0.4375
62,0.4375
63,0.4375
64,0.4375
65,0.4375
66,0.4375
67,0.4375
68,0.4375
69,0.4375
70,0.4375
71,0.4375
72,0.4375
73,0.4375
74,0.4375
75,0.4375
76,0.4375
77,0.4375
78,0.4375
79,0.4375
80,0.4375
81,0.4375
82,0.4375
83,0.4375
84,0.4375
85,0.4375
86,0.4375
87,0.4375
88,0.4375
89,0.4375
90,0.4375
91,0.4375
92,0.4375
93,0.4375
94,0.4375
95,0.4375
96,0.4375
97,0.4375
98,0.4375
99,0.4375
100,0.4375
101,0.4375
102,0.4375
103,0.4375
104,0.4375
105,0.4375
106,0.4375
107,0.4375
108,0.4375
109,0.4375
110,0.4375
111,0.4375
112,0.4375
113,0.4375
114,0.4375
115,0.4375
116,0.4375
117,0.4375
118,0.4375
119,0.4375
120,0.4375
121,0.4375
122,0.4375
123,0.4375
124,0.4375
125,0.4375
126,0.4375
127,0.4375
128,0.4375
129,0.4375
130,0.4375
131,0.4375
132,0.4375
133,0.4375
134,0.4375
135,0.4375
136,0.4375
137,0.4375
138,0.4375
139,0.4375
140,0.4375
141,0.4375
142,0.4375
143,0.4375
144,0.4375
145,0.4375
146,0.4375
147,0.4375
148,0.4375
149,0.4375
150,0.4375
151,0.4375
152,0.4375
153,0.4375
154,0.4375
155,0.4375
156,0.4375
157,0.4375
158,0.4375
159,0.4375
160,0.4375
161,0.4375
162,0.4375
163,0.4375
164,0.4375
165,0.4375
166,0.4375
167,0.4375
168,0.4375
169,0.4375
170,0.4375
171,0.4375
172,0.4375
173,0.4375
174,0.4375
175,0.4375
176,0.4375
177,0.4375
178,0.4375
179,0.4375
180,0.4375
181,0.4375
182,0.4375
183,0.4375
184,0.4375
185,0.4375
186,0.4375
187,0.4375
188,0.4375
189,0.4375
190,0.4375
191,0.4375
192,0.4375
193,0.4375
194,0.4375
195,0.4375
196,0.4375
197,0.4375
198,0.4375
199,0.4375
200,0.4375
201,0.4375
202,0.4375
203,0.4375
204,0.4375
205,0.4375
206,0.4375
207,0.4375
208,0.4375
209,0.4375
210,0.4375
211,0.4375
212,0.4375
213,0.4375
214,0.4375
215,0.4375
216,0.4375
217,0.4375
218,0.4375
219,0.4375
220,0.4375
221,0.4375
222,0.4375
223,0.4375
224,0.4375
225,0.4375
226,0.4375
227,0.4375
228,0.4375
229,0.4375
230,0.4375
231,0.4375
232,0.4375
233,0.4375
234,0.4375
235,0.4375
236,0.4375
237,0.4375
238,0.4375
239,0.4375
240,0.4375
241,0.4375
242,0.4375
243,0.4375
244,0.4375
245,0.4375
246,0.4375
247,0.4375
248,0.4375
249,0.4375
250,0.4375
251,0.4375
252,0.4375
253,0.4375
254,0.4375
255,0.4375
256,0.4375
257,0.4375
258,0.4375
259,0.4375
260,0.4375
261,0.4375
262,0.4375
263,0.4375
264,0.4375
265,0.4375
266,0.4375
267,0.4375
268,0.4375
269,0.4375
270,0.4375
271,0.4375
272,0.4375
273,0.4375
274,0.4375
275,0.4375
276,0.4375
277,0.4375
278,0.4375
279,0.4375
280,0.4375
281,0.4375
282,0.4375
283,0.4375
284,0.4375
285,0.4375
286,0.4375
287,0.4375
288,0.4375
289,0.4375
290,0.4375
291,0.4375
292,0.4375
293,0.4375
294,0.4375
295,0.4375
296,0.4375
297,0.4375
298,0.4375
299,0.4375
300,0.4375
301,0.4375
302,0.4375
303,0.4375
304,0.4375
305,0.4375
306,0.4375
307,0.4375
308,0.4375
309,0.4375
310,0.4375
311,0.4375
312,0.4375
313,0.4375
314,0.4375
315,0.4375
316,0.4375
317,0.4375
318,0.4375
319,0.4375
320,0.4375
321,0.4375
322,0.4375
323,0.4375
324,0.4375
325,0.4375
326,0.4375
327,0.4375
328,0.4375
329,0.4375
330,0.4375
331,0.4375
332,0.4375
333,0.4375
334,0.4375
335,0.4375
336,0.4375
337,0.4375
338,0.4375
339,0.4375
340,0.4375
341,0.4375
342,0.4375
343,0.4375
344,0.4375
345,0.4375
346,0.4375
347,0.4375
348,0.4375
349,0.4375
350,0.4375
351,0.4375
352,0.4375
353,0.4375
354,0.4375
355,0.4375
356,0.4375
357,0.4375
358,0.4375
359,0.4375
360,0.4375
361,0.4375
362,0.4375
363,0.4375
364,0.4375
365,0.4375
366,0.4375
367,0.4375
368,0.4375
369,0.4375
370,0.4375
371,0.4375
372,0.4375
373,0.4375
374,0.4375
375,0.4375
376,0.4375
377,0.4375
378,0.4375
379,0.4375
380,0.4375
381,0.4375
382,0.4375
383,0.4375
384,0.4375
385,0.4375
386,0.4375
387,0.4375
388,0.4375
389,0.4375
390,0.4375
391,0.4375
392,0.4375
393,0.4375
394,0.4375
395,0.4375
396,0.4375
397,0.4375
398,0.4375
399,0.4375
400,0.4375
401,0.4375
402,0.4375
403,0.4375
404,0.4375
405,0.4375
406,0.4375
407,0.4375
408,0.4375
409,0.4375
410,0.4375
411,0.4375
412,0.4375
413,0.4375
414,0.4375
415,0.4375
416,0.4375
417,0.4375
418,0.4375
419,0.4375
420,0.4375
421,0.4375
422,0.4375
423,0.4375
424,0.4375
425,0.4375
426,0.4375
427,0.4375
428,0.4375
429,0.4375
430,0.4375
431,0.4375
432,0.4375
433,0.4375
434,0.4375
435,0.4375
436,0.4375
437,0.4375
438,0.4375
439,0.4375
440,0.4375
441,0.4375
442,0.4375
443,0.4375
444,0.4375
445,0.4375
446,0.4375
447,0.4375
448,0.4375
449,0.4375
450,0.4375
451,0.4375
452,0.4375
453,0.4375
454,0.4375
455,0.4375
456,0.4375
457,0.4375
458,0.4375
459,0.4375
460,0.4375
461,0.4375
462,0.4375
463,0.4375
464,0.4375
465,0.4375
466,0.4375
467,0.4375
468,0.4375
469,0.4375
470,0.4375
471,0.4375
472,0.4375
473,0.4375
474,0.4375
475,0.4375
476,0.4375
477,0.4375
478,0.4375
479,0.4375
480,0.4375
481,0.4375
482,0.4375
483,0.4375
484,0.4375
485,0.4375
486,0.4375
487,0.4375
488,0.4375
489,0.4375
490,0.4375
491,0.4375
492,0.4375
493,0.4375
494,0.4375
495,0.4375
496,0.4375
497,0.4375
498,0.4375
499,0.4375
0,0.15625
1,0.15625
2,0.15625
3,0.15625
4,0.15625
5,0.15625
6,0.15625
7,0.15625
8,0.15625
9,0.15625
10,0.15625
11,0.15625
12,0.15625
13,0.15625
14,0.15625
15,0.15625
16,0.15625
17,0.15625
18,0.15625
19,0.15625
20,0.15625
21,0.15625
22,0.15625
23,0.15625
24,0.15625
25,0.15625
26,0.15625
27,0.15625
28,0.15625
29,0.15625
30,0.15625
31,0.15625
32,0.15625
33,0.15625
34,0.15625
35,0.15625
36,0.15625
37,0.15625
38,0.15625
39,0.15625
40,0.15625
41,0.15625
42,0.15625
43,0.15625
44,0.15625
45,0.15625
46,0.15625
47,0.15625
48,0.15625
49,0.15625
50,0.15625
51,0.15625
52,0.15625
53,0.15625
54,0.15625
55,0.15625
56,0.15625
57,0.15625
58,0.15625
59,0.15625
60,0.15625
61,0.15625
62,0.15625
63,0.15625
64,0.15625
65,0.15625
66,0.15625
67,0.15625
68,0.15625
69,0.15625
70,0.15625
71,0.15625
72,0.15625
73,0.15625
74,0.15625
75,0.15625
76,0.15625
77,0.15625
78,0.15625
79,0.15625
80,0.15625
81,0.15625
82,0.15625
83,0.15625
84,0.15625
85,0.15625
86,0.15625
87,0.15625
88,0.15625
89,0.15625
90,0.15625
91,0.15625
92,0.15625
93,0.15625
94,0.15625
95,0.15625
96,0.15625
97,0.15625
98,0.15625
99,0.15625
100,0.15625
101,0.15625
102,0.15625
103,0.15625
104,0.15625
105,0.15625
106,0.15625
107,0.15625
108,0.15625
109,0.15625
110,0.15625
111,0.15625
112,0.15625
113,0.15625
114,0.15625
115,0.15625
116,0.15625
117,0.15625
118,0.15625
119,0.15625
120,0.15625
121,0.15625
122,0.15625
123,0.15625
124,0.15625
125,0.15625
126,0.15625
127,0.15625
128,0.15625
129,0.15625
130,0.15625
131,0.15625
132,0.15625
133,0.15625
134,0.15625
135,0.15625
136,0.15625
137,0.15625
138,0.15625
139,0.15625
140,0.15625
141,0.15625
142,0.15625
143,0.15625
144,0.15625
145,0.15625
146,0.15625
147,0.15625
148,0.15625
149,0.15625
150,0.15625
151,0.15625
152,0.15625
153,0.15625
154,0.15625
155,0.15625
156,0.15625
157,0.15625
158,0.15625
159,0.15625
160,0.15625
161,0.15625
162,0.15625
163,0.15625
164,0.15625
165,0.15625
166,0.15625
167,0.15625
168,0.15625
169,0.15625
170,0.15625
171,0.15625
172,0.15625
173,0.15625
174,0.15625
175,0.15625
176,0.15625
177,0.15625
178,0.15625
179,0.15625
180,0.15625
181,0.15625
182,0.15625
183,0.15625
184,0.15625
185,0.15625
186,0.15625
187,0.15625
188,0.15625
189,0.15625
190,0.15625
191,0.15625
192,0.15625
193,0.15625
194,0.15625
195,0.15625
196,0.15625
197,0.15625
198,0.15625
199,0.15625
200,0.15625
201,0.15625
202,0.15625
203,0.15625
204,0.15625
205,0.15625
206,0.15625
207,0.15625
208,0.15625
209,0.15625
210,0.15625
211,0.15625
212,0.15625
213,0.15625
214,0.15625
215,0.15625
216,0.15625
217,0.15625
218,0.15625
219,0.15625
220,0.15625
221,0.15625
222,0.15625
223,0.15625
224,0.15625
225,0.15625
226,0.15625
227,0.15625
228,0.15625
229,0.15625
230,0.15625
231,0.15625
232,0.15625
233,0.15625
234,0.15625
235,0.15625
236,0.15625
237,0.15625
238,0.15625
239,0.15625
240,0.15625
241,0.15625
242,0.15625
243,0.15625
244,0.15625
245,0.15625
246,0.15625
247,0.15625
248,0.15625
249,0.15625
250,0.15625
251,0.15625
252,0.15625
253,0.15625
254,0.15625
255,0.15625
256,0.15625
257,0.15625
258,0.15625
259,0.15625
260,0.15625
261,0.15625
262,0.15625
263,0.15625
264,0.15625
265,0.15625
266,0.15625
267,0.15625
268,0.15625
269,0.15625
270,0.15625
271,0.15625
272,0.15625
273,0.15625
274,0.15625
275,0.15625
276,0.15625
277,0.15625
278,0.15625
279,0.15625
280,0.15625
281,0.15625
282,0.15625
283,0.15625
284,0.15625
285,0.15625
286,0.15625
287,0.15625
288,0.15625
289,0.15625
290,0.15625
291,0.15625
292,0.15625
293,0.15625
294,0.15625
295,0.15625
296,0.15625
297,0.15625
298,0.15625
299,0.15625
300,0.15625
301,0.15625
302,0.15625
303,0.15625
304,0.15625
305,0.15625
306,0.15625
307,0.15625
308,0.15625
309,0.15625
310,0.15625
311,0.15625
312,0.15625
313,0.15625
314,0.15625
315,0.15625
316,0.15625
317,0.15625
318,0.15625
319,0.15625
320,0.15625
321,0.15625
322,0.15625
323,0.15625
324,0.15625
325,0.15625
326,0.15625
327,0.15625
328,0.15625
329,0.15625
330,0.15625
331,0.15625
332,0.15625
333,0.15625
334,0.15625
335,0.15625
336,0.15625
337,0.15625
338,0.15625
339,0.15625
340,0.15625
341,0.15625
342,0.15625
343,0.15625
344,0.15625
345,0.15625
346,0.15625
347,0.15625
348,0.15625
349,0.15625
350,0.15625
351,0.15625
352,0.15625
353,0.15625
354,0.15625
355,0.15625
356,0.15625
357,0.15625
358,0.15625
359,0.15625
360,0.15625
361,0.15625
362,0.15625
363,0.15625
364,0.15625
365,0.15625
366,0.15625
367,0.15625
368,0.15625
369,0.15625
370,0.15625
371,0.15625
372,0.15625
373,0.15625
374,0.15625
375,0.15625
376,0.15625
377,0.15625
378,0.15625
379,0.15625
380,0.15625
381,0.15625
382,0.15625
383,0.15625
384,0.15625
385,0.15625
386,0.15625
387,0.15625
388,0.15625
389,0.15625
390,0.15625
391,0.15625
392,0.15625
393,0.15625
394,0.15625
395,0.15625
396,0.15625
397,0.15625
398,0.15625
399,0.15625
400,0.15625
401,0.15625
402,0.15625
403,0.15625
404,0.15625
405,0.15625
406,0.15625
407,0.15625
408,0.15625
409,0.15625
410,0.15625
411,0.15625
412,0.15625
413,0.15625
414,0.15625
415,0.15625
416,0.15625
417,0.15625
418,0.15625
419,0.15625
420,0.15625
421,0.15625
422,0.15625
423,0.15625
424,0.15625
425,0.15625
426,0.15625
427,0.15625
428,0.15625
429,0.15625
430,0.15625
431,0.15625
432,0.15625
433,0.15625
434,0.15625
435,0.15625
436,0.15625
437,0.15625
438,0.15625
439,0.15625
440,0.15625
441,0.15625
442,0.15625
443,0.15625
444,0.15625
445,0.15625
446,0.15625
447,0.15625
448,0.15625
449,0.15625
450,0.15625
451,0.15625
452,0.15625
453,0.15625
454,0.15625
455,0.15625
456,0.15625
457,0.15625
458,0.15625
459,0.15625
460,0.15625
461,0.15625
462,0.15625
463,0.15625
464,0.15625
465,0.15625
466,0.15625
467,0.15625
468,0.15625
469,0.15625
470,0.15625
471,0.15625
472,0.15625
473,0.15625
474,0.15625
475,0.15625
476,0.15625
477,0.15625
478,0.15625
479,0.15625
480,0.15625
481,0.15625
482,0.15625
483,0.15625
484,0.15625
485,0.15625
486,0.15625
487,0.15625
488,0.15625
489,0.15625
490,0.15625
491,0.15625
492,0.15625
493,0.15625
494,0.15625
495,0.15625
496,0.15625
497,0.15625
498,0.15625
499,0.15625
0,0.15625
1,0.15625
2,0.15625
3,0.15625
4,0.15625
5,0.15625
6,0.15625
7,0.15625
8,0.15625
9,0.15625
10,0.15625
11,0.15625
12,0.15625
13,0.15625
14,0.15625
15,0.15625
16,0.15625
17,0.15625
18,0.15625
19,0.15625
20,0.15625
21,0.15625
22,0.15625
23,0.15625
24,0.15625
25,0.15625
26,0.15625
27,0.15625
28,0.15625
29,0.15625
30,0.15625
31,0.15625
32,0.15625
33,0.15625
34,0.15625
35,0.15625
36,0.15625
37,0.15625
38,0.15625
39,0.15625
40,0.15625
41,0.15625
42,0.15625
43,0.15625
44,0.15625
45,0.15625
46,0.15625
47,0.15625
48,0.15625
49,0.15625
50,0.15625
51,0.15625
52,0.15625
53,0.15625
54,0.15625
55,0.15625
56,0.15625
57,0.15625
58,0.15625
59,0.15625
60,0.15625
61,0.15625
62,0.15625
63,0.15625
64,0.15625
65,0.15625
66,0.15625
67,0.15625
68,0.15625
69,0.15625
70,0.15625
71,0.15625
72,0.15625
73,0.15625
74,0.15625
75,0.15625
76,0.15625
77,0.15625
78,0.15625
79,0.15625
80,0.15625
81,0.15625
82,0.15625
83,0.15625
84,0.15625
85,0.15625
86,0.15625
87,0.15625
88,0.15625
89,0.15625
90,0.15625
91,0.15625
92,0.15625
93,0.15625
94,0.15625
95,0.15625
96,0.15625
97,0.15625
98,0.15625
99,0.15625
100,0.15625
101,0.15625
102,0.15625
103,0.15625
104,0.15625
105,0.15625
106,0.15625
107,0.15625
108,0.15625
109,0.15625
110,0.15625
111,0.15625
112,0.15625
113,0.15625
114,0.15625
115,0.15625
116,0.15625
117,0.15625
118,0.15625
119,0.15625
120,0.15625
121,0.15625
122,0.15625
123,0.15625
124,0.15625
125,0.15625
126,0.15625
127,0.15625
128,0.15625
129,0.15625
130,0.15625
131,0.15625
132,0.15625
133,0.15625
134,0.15625
135,0.15625
136,0.15625
137,0.15625
138,0.15625
139,0.15625
140,0.15625
141,0.15625
142,0.15625
143,0.15625
144,0.15625
145,0.15625
146,0.15625
147,0.15625
148,0.15625
149,0.15625
150,0.15625
151,0.15625
152,0.15625
153,0.15625
154,0.15625
155,0.15625
156,0.15625
157,0.15625
158,0.15625
159,0.15625
160,0.15625
161,0.15625
162,0.15625
163,0.15625
164,0.15625
165,0.15625
166,0.15625
167,0.15625
168,0.15625
169,0.15625
170,0.15625
171,0.15625
172,0.15625
173,0.15625
174,0.15625
175,0.15625
176,0.15625
177,0.15625
178,0.15625
179,0.15625
180,0.15625
181,0.15625
182,0.15625
183,0.15625
184,0.15625
185,0.15625
186,0.15625
187,0.15625
188,0.15625
189,0.15625
190,0.15625
191,0.15625
192,0.15625
193,0.15625
194,0.15625
195,0.15625
196,0.15625
197,0.15625
198,0.15625
199,0.15625
200,0.15625
201,0.15625
202,0.15625
203,0.15625
204,0.15625
205,0.15625
206,0.15625
207,0.15625
208,0.15625
209,0.15625
210,0.15625
211,0.15625
212,0.15625
213,0.15625
214,0.15625
215,0.15625
216,0.15625
217,0.15625
218,0.15625
219,0.15625
220,0.15625
221,0.15625
222,0.15625
223,0.15625
224,0.15625
225,0.15625
226,0.15625
227,0.15625
228,0.15625
229,0.15625
230,0.15625
231,0.15625
232,0.15625
233,0.15625
234,0.15625
235,0.15625
236,0.15625
237,0.15625
238,0.15625
239,0.15625
240,0.15625
241,0.15625
242,0.15625
243,0.15625
244,0.15625
245,0.15625
246,0.15625
247,0.15625
248,0.15625
249,0.15625
250,0.15625
251,0.15625
252,0.15625
253,0.15625
254,0.15625
255,0.15625
256,0.15625
257,0.15625
258,0.15625
259,0.15625
260,0.15625
261,0.15625
262,0.15625
263,0.15625
264,0.15625
265,0.15625
266,0.15625
267,0.15625
268,0.15625
269,0.15625
270,0.15625
271,0.15625
272,0.15625
273,0.15625
274,0.15625
275,0.15625
276,0.15625
277,0.15625
278,0.15625
279,0.15625
280,0.15625
281,0.15625
282,0.15625
283,0.15625
284,0.15625
285,0.15625
286,0.15625
287,0.15625
288,0.15625
289,0.15625
290,0.15625
291,0.15625
292,0.15625
293,0.15625
294,0.15625
295,0.15625
296,0.15625
297,0.15625
298,0.15625
299,0.15625
300,0.15625
301,0.15625
302,0.15625
303,0.15625
304,0.15625
305,0.15625
306,0.15625
307,0.15625
308,0.15625
309,0.15625
310,0.15625
311,0.15625
312,0.15625
313,0.15625
314,0.15625
315,0.15625
316,0.15625
317,0.15625
318,0.15625
319,0.15625
320,0.15625
321,0.15625
322,0.15625
323,0.15625
324,0.15625
325,0.15625
326,0.15625
327,0.15625
328,0.15625
329,0.15625
330,0.15625
331,0.15625
332,0.15625
333,0.15625
334,0.15625
335,0.15625
336,0.15625
337,0.15625
338,0.15625
339,0.15625
340,0.15625
341,0.15625
342,0.15625
343,0.15625
344,0.15625
345,0.15625
346,0.15625
347,0.15625
348,0.15625
349,0.15625
350,0.15625
351,0.15625
352,0.15625
353,0.15625
354,0.15625
355,0.15625
356,0.15625
357,0.15625
358,0.15625
359,0.15625
360,0.15625
361,0.15625
362,0.15625
363,0.15625
364,0.15625
365,0.15625
366,0.15625
367,0.15625
368,0.15625
369,0.15625
370,0.15625
371,0.15625
372,0.15625
373,0.15625
374,0.15625
375,0.15625
376,0.15625
377,0.15625
378,0.15625
379,0.15625
380,0.15625
381,0.15625
382,0.15625
383,0.15625
384,0.15625
385,0.15625
386,0.15625
387,0.15625
388,0.15625
389,0.15625
390,0.15625
391,0.15625
392,0.15625
393,0.15625
394,0.15625
395,0.15625
396,0.15625
397,0.15625
398,0.15625
399,0.15625
400,0.15625
401,0.15625
402,0.15625
403,0.15625
404,0.15625
405,0.15625
406,0.15625
407,0.15625
408,0.15625
409,0.15625
410,0.15625
411,0.15625
412,0.15625
413,0.15625
414,0.15625
415,0.15625
416,0.15625
417,0.15625
418,0.15625
419,0.15625
420,0.15625
421,0.15625
422,0.15625
423,0.15625
424,0.15625
425,0.15625
426,0.15625
427,0.15625
428,0.15625
429,0.15625
430,0.15625
431,0.15625
432,0.15625
433,0.15625
434,0.15625
435,0.15625
436,0.15625
437,0.15625
438,0.15625
439,0.15625
440,0.15625
441,0.15625
442,0.15625
443,0.15625
444,0.15625
445,0.15625
446,0.15625
447,0.15625
448,0.15625
449,0.15625
450,0.15625
451,0.15625
452,0.15625
453,0.15625
454,0.15625
455,0.15625
456,0.15625
457,0.15625
458,0.15625
459,0.15625
460,0.15625
461,0.15625
462,0.15625
463,0.15625
464,0.15625
465,0.15625
466,0.15625
467,0.15625
468,0.15625
469,0.15625
470,0.15625
471,0.15625
472,0.15625
473,0.15625
474,0.15625
475,0.15625
476,0.15625
477,0.15625
478,0.15625
479,0.15625
480,0.15625
481,0.15625
482,0.15625
483,0.15625
484,0.15625
485,0.15625
486,0.15625
487,0.15625
488,0.15625
489,0.15625
490,0.15625
491,0.15625
492,0.15625
493,0.15625
494,0.15625
495,0.15625
496,0.15625
497,0.15625
498,0.15625
499,0.15625
0,0.15625
1,0.15625
2,0.15625
3,0.15625
4,0.15625
5,0.15625
6,0.15625
7,0.15625
8,0.15625
9,0.15625
10,0.15625
11,0.15625
12,0.15625
13,0.15625
14,0.15625
15,0.15625
16,0.15625
17,0.15625
18,0.15625
19,0.15625
20,0.15625
21,0.15625
22,0.15625
23,0.15625
24,0.15625
25,0.15625
26,0.15625
27,0.15625
28,0.15625
29,0.15625
30,0.15625
31,0.15625
32,0.15625
33,0.15625
34,0.15625
35,0.15625
36,0.15625
37,0.15625
38,0.15625
39,0.15625
40,0.15625
41,0.15625
42,0.15625
43,0.15625
44,0.15625
45,0.15625
46,0.15625
47,0.15625
48,0.15625
49,0.15625
50,0.15625
51,0.15625
52,0.15625
53,0.15625
54,0.15625
55,0.15625
56,0.15625
57,0.15625
58,0.15625
59,0.15625
60,0.15625
61,0.15625
62,0.15625
63,0.15625
64,0.15625
65,0.15625
66,0.15625
67,0.15625
68,0.15625
69,0.15625
70,0.15625
71,0.15625
72,0.15625
73,0.15625
74,0.15625
75,0.15625
76,0.15625
77,0.15625
78,0.15625
79,0.15625
80,0.15625
81,0.15625
82,0.15625
83,0.15625
84,0.15625
85,0.15625
86,0.15625
87,0.15625
88,0.15625
89,0.15625
90,0.15625
91,0.15625
92,0.15625
93,0.15625
94,0.15625
95,0.15625
96,0.15625
97,0.15625
98,0.15625
99,0.15625
100,0.15625
101,0.15625
102,0.15625
103,0.15625
104,0.15625
105,0.15625
106,0.15625
107,0.15625
108,0.15625
109,0.15625
110,0.15625
111,0.15625
112,0.15625
113,0.15625
114,0.15625
115,0.15625
116,0.15625
117,0.15625
118,0.15625
119,0.15625
120,0.15625
121,0.15625
122,0.15625
123,0.15625
124,0.15625
125,0.15625
126,0.15625
127,0.15625
128,0.15625
129,0.15625
130,0.15625
131,0.15625
132,0.15625
133,0.15625
134,0.15625
135,0.15625
136,0.15625
137,0.15625
138,0.15625
139,0.15625
140,0.15625
141,0.15625
142,0.15625
143,0.15625
144,0.15625
145,0.15625
146,0.15625
147,0.15625
148,0.15625
149,0.15625
150,0.15625
151,0.15625
152,0.15625
153,0.15625
154,0.15625
155,0.15625
156,0.15625
157,0.15625
158,0.15625
159,0.15625
160,0.15625
161,0.15625
162,0.15625
163,0.15625
164,0.15625
165,0.15625
166,0.15625
167,0.15625
168,0.15625
169,0.15625
170,0.15625
171,0.15625
172,0.15625
173,0.15625
174,0.15625
175,0.15625
176,0.15625
177,0.15625
178,0.15625
179,0.15625
180,0.15625
181,0.15625
182,0.15625
183,0.15625
184,0.15625
185,0.15625
186,0.15625
187,0.15625
188,0.15625
189,0.15625
190,0.15625
191,0.15625
192,0.15625
193,0.15625
194,0.15625
195,0.15625
196,0.15625
197,0.15625
198,0.15625
199,0.15625
200,0.15625
201,0.15625
202,0.15625
203,0.15625
204,0.15625
205,0.15625
206,0.15625
207,0.15625
208,0.15625
209,0.15625
210,0.15625
211,0.15625
212,0.15625
213,0.15625
214,0.15625
215,0.15625
216,0.15625
217,0.15625
218,0.15625
219,0.15625
220,0.15625
221,0.15625
222,0.15625
223,0.15625
224,0.15625
225,0.15625
226,0.15625
227,0.15625
228,0.15625
229,0.15625
230,0.15625
231,0.15625
232,0.15625
233,0.15625
234,0.15625
235,0.15625
236,0.15625
237,0.15625
238,0.15625
239,0.15625
240,0.15625
241,0.15625
242,0.15625
243,0.15625
244,0.15625
245,0.15625
246,0.15625
247,0.15625
248,0.15625
249,0.15625
250,0.15625
251,0.15625
252,0.15625
253,0.15625
254,0.15625
255,0.15625
256,0.15625
257,0.15625
258,0.15625
259,0.15625
260,0.15625
261,0.15625
262,0.15625
263,0.15625
264,0.15625
265,0.15625
266,0.15625
267,0.15625
268,0.15625
269,0.15625
270,0.15625
271,0.15625
272,0.15625
273,0.15625
274,0.15625
275,0.15625
276,0.15625
277,0.15625
278,0.15625
279,0.15625
280,0.15625
281,0.15625
282,0.15625
283,0.15625
284,0.15625
285,0.15625
286,0.15625
287,0.15625
288,0.15625
289,0.15625
290,0.15625
291,0.15625
292,0.15625
293,0.15625
294,0.15625
295,0.15625
296,0.15625
297,0.15625
298,0.15625
299,0.15625
300,0.15625
301,0.15625
302,0.15625
303,0.15625
304,0.15625
305,0.15625
306,0.15625
307,0.15625
308,0.15625
309,0.15625
310,0.15625
311,0.15625
312,0.15625
313,0.15625
314,0.15625
315,0.15625
316,0.15625
317,0.15625
318,0.15625
319,0.15625
320,0.15625
321,0.15625
322,0.15625
323,0.15625
324,0.15625
325,0.15625
326,0.15625
327,0.15625
328,0.15625
329,0.15625
330,0.15625
331,0.15625
332,0.15625
333,0.15625
334,0.15625
335,0.15625
336,0.15625
337,0.15625
338,0.15625
339,0.15625
340,0.15625
341,0.15625
342,0.15625
343,0.15625
344,0.15625
345,0.15625
346,0.15625
347,0.15625
348,0.15625
349,0.15625
350,0.15625
351,0.15625
352,0.15625
353,0.15625
354,0.15625
355,0.15625
356,0.15625
357,0.15625
358,0.15625
359,0.15625
360,0.15625
361,0.15625
362,0.15625
363,0.15625
364,0.15625
365,0.15625
366,0.15625
367,0.15625
368,0.15625
369,0.15625
370,0.15625
371,0.15625
372,0.15625
373,0.15625
374,0.15625
375,0.15625
376,0.15625
377,0.15625
378,0.15625
379,0.15625
380,0.15625
381,0.15625
382,0.15625
383,0.15625
384,0.15625
385,0.15625
386,0.15625
387,0.15625
388,0.15625
389,0.15625
390,0.15625
391,0.15625
392,0.15625
393,0.15625
394,0.15625
395,0.15625
396,0.15625
397,0.15625
398,0.15625
399,0.15625
400,0.15625
401,0.15625
402,0.15625
403,0.15625
404,0.15625
405,0.15625
406,0.15625
407,0.15625
408,0.15625
409,0.15625
410,0.15625
411,0.15625
412,0.15625
413,0.15625
414,0.15625
415,0.15625
416,0.15625
417,0.15625
418,0.15625
419,0.15625
420,0.15625
421,0.15625
422,0.15625
423,0.15625
424,0.15625
425,0.15625
426,0.15625
427,0.15625
428,0.15625
429,0.15625
430,0.15625
431,0.15625
432,0.15625
433,0.15625
434,0.15625
435,0.15625
436,0.15625
437,0.15625
438,0.15625
439,0.15625
440,0.15625
441,0.15625
442,0.15625
443,0.15625
444,0.15625
445,0.15625
446,0.15625
447,0.15625
448,0.15625
449,0.15625
450,0.15625
451,0.15625
452,0.15625
453,0.15625
454,0.15625
455,0.15625
456,0.15625
457,0.15625
458,0.15625
459,0.15625
460,0.15625
461,0.15625
462,0.15625
463,0.15625
464,0.15625
465,0.15625
466,0.15625
467,0.15625
468,0.15625
469,0.15625
470,0.15625
471,0.15625
472,0.15625
473,0.15625
474,0.15625
475,0.15625
476,0.15625
477,0.15625
478,0.15625
479,0.15625
480,0.15625
481,0.15625
482,0.15625
483,0.15625
484,0.15625
485,0.15625
486,0.15625
487,0.15625
488,0.15625
489,0.15625
490,0.15625
491,0.15625
492,0.15625
493,0.15625
494,0.15625
495,0.15625
496,0.15625
497,0.15625
498,0.15625
499,0.15625
