0,0.35
1,0.45
2,0.425
3,0.1
4,0.1
5,0.175
6,0.1
7,0.05
8,0.1
9,0.125
10,0.15
11,0.125
12,0.15
13,0.05
14,0.075
15,0.1
16,0.05
17,0.1
18,0.05
19,0.025
20,0.1
21,0.1
22,0.05
23,0.025
24,0.1
25,0.1
26,0.05
27,0.05
28,0.025
29,0.1
30,0.1
31,0.05
32,0.05
33,0.05
34,0.025
35,0.05
36,0.1
37,0.05
38,0.05
39,0.025
40,0.05
41,0.05
42,0.1
43,0.05
44,0.05
45,0.025
46,0.1
47,0.1
48,0.05
49,0.05
50,0.025
51,0.05
52,0.1
53,0.05
54,0.05
55,0.025
56,0.05
57,0.05
58,0.1
59,0.05
60,0.05
61,0.025
62,0.05
63,0.1
64,0.05
65,0.05
66,0.025
67,0.05
68,0.05
69,0.1
70,0.05
71,0.05
72,0.025
73,0.05
74,0.1
75,0.05
76,0.05
77,0.025
78,0.05
79,0.1
80,0.05
81,0.025
82,0.05
83,0.1
84,0.05
85,0.025
86,0.05
87,0.1
88,0.05
89,0.05
90,0.025
91,0.05
92,0.1
93,0.05
94,0.025
95,0.05
96,0.1
97,0.05
98,0.05
99,0.025
100,0.05
101,0.1
102,0.05
103,0.025
104,0.05
105,0.1
106,0.05
107,0.025
108,0.05
109,0.1
110,0.05
111,0.025
112,0.05
113,0.1
114,0.05
115,0.025
116,0.05
117,0.05
118,0.1
119,0.05
120,0.025
121,0.05
122,0.1
123,0.05
124,0.025
125,0.05
126,0.1
127,0.05
128,0.025
129,0.05
130,0.05
131,0.1
132,0.05
133,0.025
134,0.05
135,0.1
136,0.05
137,0.025
138,0.05
139,0.05
140,0.1
141,0.05
142,0.025
143,0.05
144,0.1
145,0.05
146,0.025
147,0.05
148,0.1
149,0.05
150,0.025
151,0.05
152,0.05
153,0.1
154,0.05
155,0.025
156,0.05
157,0.1
158,0.025
159,0.05
160,0.05
161,0.1
162,0.025
163,0.05
164,0.05
165,0.1
166,0.05
167,0.025
168,0.05
169,0.1
170,0.025
171,0.05
172,0.05
173,0.1
174,0.025
175,0.05
176,0.05
177,0.1
178,0.05
179,0.025
180,0.05
181,0.1
182,0.025
183,0.05
184,0.05
185,0.1
186,0.025
187,0.05
188,0.05
189,0.1
190,0.05
191,0.025
192,0.05
193,0.1
194,0.025
195,0.05
196,0.05
197,0.1
198,0.025
199,0.05
200,0.05
201,0.1
202,0.05
203,0.025
204,0.05
205,0.1
206,0.025
207,0.05
208,0.05
209,0.1
210,0.025
211,0.05
212,0.05
213,0.1
214,0.05
215,0.025
216,0.05
217,0.1
218,0.025
219,0.05
220,0.05
221,0.1
222,0.025
223,0.05
224,0.05
225,0.0
226,0.0
227,0.0
228,0.0
229,0.0
230,0.0
231,0.0
232,0.0
233,0.0
234,0.0
235,0.0
236,0.0
237,0.0
238,0.0
239,0.0
240,0.0
241,0.0
242,0.0
243,0.0
244,0.0
245,0.0
246,0.0
247,0.0
248,0.0
249,0.0
250,0.0
251,0.0
252,0.0
253,0.0
254,0.0
255,0.0
256,0.0
257,0.0
258,0.0
259,0.0
260,0.0
261,0.0
262,0.0
263,0.0
264,0.0
265,0.0
266,0.0
267,0.0
268,0.0
269,0.0
270,0.0
271,0.0
272,0.0
273,0.0
274,0.0
275,0.0
276,0.0
277,0.0
278,0.0
279,0.0
280,0.0
281,0.0
282,0.0
283,0.0
284,0.0
285,0.0
286,0.0
287,0.0
288,0.0
289,0.0
290,0.0
291,0.0
292,0.0
293,0.0
294,0.0
295,0.0
296,0.0
297,0.0
298,0.0
299,0.0
300,0.0
301,0.0
302,0.0
303,0.0
304,0.0
305,0.0
306,0.0
307,0.0
308,0.0
309,0.0
310,0.0
311,0.0
312,0.0
313,0.0
314,0.0
315,0.0
316,0.0
317,0.0
318,0.0
319,0.0
320,0.0
321,0.0
322,0.0
323,0.0
324,0.0
325,0.0
326,0.0
327,0.0
328,0.0
329,0.0
330,0.0
331,0.0
332,0.0
333,0.0
334,0.0
335,0.0
336,0.0
337,0.0
338,0.0
339,0.0
340,0.0
341,0.0
342,0.0
343,0.0
344,0.0
345,0.0
346,0.0
347,0.0
348,0.0
349,0.0
350,0.0
351,0.0
352,0.0
353,0.0
354,0.0
355,0.0
356,0.0
357,0.0
358,0.0
359,0.0
360,0.0
361,0.0
362,0.0
363,0.0
364,0.0
365,0.0
366,0.0
367,0.0
368,0.0
369,0.0
370,0.0
371,0.0
372,0.0
373,0.0
374,0.0
375,0.0
376,0.0
377,0.0
378,0.0
379,0.0
380,0.0
381,0.0
382,0.0
383,0.0
384,0.0
385,0.0
386,0.0
387,0.0
388,0.0
389,0.0
390,0.0
391,0.0
392,0.0
393,0.0
394,0.0
395,0.0
396,0.0
397,0.0
398,0.0
399,0.0
400,0.0
401,0.0
402,0.0
403,0.0
404,0.0
405,0.0
406,0.0
407,0.0
408,0.0
409,0.0
410,0.0
411,0.0
412,0.0
413,0.0
414,0.0
415,0.0
416,0.0
417,0.0
418,0.0
419,0.0
420,0.0
421,0.0
422,0.0
423,0.0
424,0.0
425,0.0
426,0.0
427,0.0
428,0.0
429,0.0
430,0.0
431,0.0
432,0.0
433,0.0
434,0.0
435,0.0
436,0.0
437,0.0
438,0.0
439,0.0
440,0.0
441,0.0
442,0.0
443,0.0
444,0.0
445,0.0
446,0.0
447,0.0
448,0.0
449,0.0
450,0.0
451,0.0
452,0.0
453,0.0
454,0.0
455,0.0
456,0.0
457,0.0
458,0.0
459,0.0
460,0.0
461,0.0
462,0.0
463,0.0
464,0.0
465,0.0
466,0.0
467,0.0
468,0.0
469,0.0
470,0.0
471,0.0
472,0.0
473,0.0
474,0.0
475,0.0
476,0.0
477,0.0
478,0.0
479,0.0
480,0.0
481,0.0
482,0.0
483,0.0
484,0.0
485,0.0
486,0.0
487,0.0
488,0.0
489,0.0
490,0.0
491,0.0
492,0.0
493,0.0
494,0.0
495,0.0
496,0.0
497,0.0
498,0.0
499,0.0
0,0.05
1,0.1
2,0.075
3,0.05
4,0.1
5,0.075
6,0.1
7,0.1
8,0.025
9,0.1
10,0.1
11,0.025
12,0.05
13,0.1
14,0.075
15,0.1
16,0.075
17,0.05
18,0.1
19,0.075
20,0.05
21,0.1
22,0.075
23,0.05
24,0.1
25,0.075
26,0.1
27,0.1
28,0.025
29,0.05
30,0.1
31,0.075
32,0.05
33,0.1
34,0.075
35,0.1
36,0.075
37,0.05
38,0.1
39,0.075
40,0.05
41,0.1
42,0.075
43,0.1
44,0.075
45,0.05
46,0.1
47,0.075
48,0.05
49,0.1
50,0.025
51,0.05
52,0.1
53,0.075
54,0.05
55,0.1
56,0.025
57,0.05
58,0.1
59,0.075
60,0.05
61,0.1
62,0.025
63,0.05
64,0.1
65,0.025
66,0.05
67,0.1
68,0.075
69,0.05
70,0.1
71,0.025
72,0.05
73,0.1
74,0.075
75,0.05
76,0.1
77,0.075
78,0.05
79,0.1
80,0.025
81,0.05
82,0.1
83,0.075
84,0.05
85,0.1
86,0.075
87,0.05
88,0.1
89,0.075
90,0.05
91,0.1
92,0.025
93,0.05
94,0.1
95,0.075
96,0.05
97,0.1
98,0.075
99,0.05
100,0.1
101,0.075
102,0.05
103,0.1
104,0.025
105,0.05
106,0.1
107,0.075
108,0.05
109,0.1
110,0.075
111,0.05
112,0.05
113,0.1
114,0.025
115,0.05
116,0.1
117,0.025
118,0.05
119,0.1
120,0.05
121,0.025
122,0.05
123,0.1
124,0.025
125,0.05
126,0.05
127,0.1
128,0.025
129,0.05
130,0.1
131,0.025
132,0.05
133,0.1
134,0.05
135,0.025
136,0.05
137,0.1
138,0.025
139,0.05
140,0.05
141,0.1
142,0.025
143,0.05
144,0.1
145,0.025
146,0.05
147,0.1
148,0.05
149,0.025
150,0.05
151,0.1
152,0.025
153,0.05
154,0.1
155,0.05
156,0.025
157,0.05
158,0.1
159,0.025
160,0.05
161,0.05
162,0.1
163,0.025
164,0.05
165,0.05
166,0.1
167,0.025
168,0.05
169,0.05
170,0.1
171,0.025
172,0.05
173,0.1
174,0.025
175,0.05
176,0.05
177,0.1
178,0.025
179,0.05
180,0.1
181,0.025
182,0.05
183,0.05
184,0.1
185,0.025
186,0.05
187,0.05
188,0.1
189,0.025
190,0.05
191,0.05
192,0.1
193,0.025
194,0.05
195,0.05
196,0.0
197,0.0
198,0.0
199,0.0
200,0.0
201,0.0
202,0.0
203,0.0
204,0.0
205,0.0
206,0.0
207,0.0
208,0.0
209,0.0
210,0.0
211,0.0
212,0.0
213,0.0
214,0.0
215,0.0
216,0.0
217,0.0
218,0.0
219,0.0
220,0.0
221,0.0
222,0.0
223,0.0
224,0.0
225,0.0
226,0.0
227,0.0
228,0.0
229,0.0
230,0.0
231,0.0
232,0.0
233,0.0
234,0.0
235,0.0
236,0.0
237,0.0
238,0.0
239,0.0
240,0.0
241,0.0
242,0.0
243,0.0
244,0.0
245,0.0
246,0.0
247,0.0
248,0.0
249,0.0
250,0.0
251,0.0
252,0.0
253,0.0
254,0.0
255,0.0
256,0.0
257,0.0
258,0.0
259,0.0
260,0.0
261,0.0
262,0.0
263,0.0
264,0.0
265,0.0
266,0.0
267,0.0
268,0.0
269,0.0
270,0.0
271,0.0
272,0.0
273,0.0
274,0.0
275,0.0
276,0.0
277,0.0
278,0.0
279,0.0
280,0.0
281,0.0
282,0.0
283,0.0
284,0.0
285,0.0
286,0.0
287,0.0
288,0.0
289,0.0
290,0.0
291,0.0
292,0.0
293,0.0
294,0.0
295,0.0
296,0.0
297,0.0
298,0.0
299,0.0
300,0.0
301,0.0
302,0.0
303,0.0
304,0.0
305,0.0
306,0.0
307,0.0
308,0.0
309,0.0
310,0.0
311,0.0
312,0.0
313,0.0
314,0.0
315,0.0
316,0.0
317,0.0
318,0.0
319,0.0
320,0.0
321,0.0
322,0.0
323,0.0
324,0.0
325,0.0
326,0.0
327,0.0
328,0.0
329,0.0
330,0.0
331,0.0
332,0.0
333,0.0
334,0.0
335,0.0
336,0.0
337,0.0
338,0.0
339,0.0
340,0.0
341,0.0
342,0.0
343,0.0
344,0.0
345,0.0
346,0.0
347,0.0
348,0.0
349,0.0
350,0.0
351,0.0
352,0.0
353,0.0
354,0.0
355,0.0
356,0.0
357,0.0
358,0.0
359,0.0
360,0.0
361,0.0
362,0.0
363,0.0
364,0.0
365,0.0
366,0.0
367,0.0
368,0.0
369,0.0
370,0.0
371,0.0
372,0.0
373,0.0
374,0.0
375,0.0
376,0.0
377,0.0
378,0.0
379,0.0
380,0.0
381,0.0
382,0.0
383,0.0
384,0.0
385,0.0
386,0.0
387,0.0
388,0.0
389,0.0
390,0.0
391,0.0
392,0.0
393,0.0
394,0.0
395,0.0
396,0.0
397,0.0
398,0.0
399,0.0
400,0.0
401,0.0
402,0.0
403,0.0
404,0.0
405,0.0
406,0.0
407,0.0
408,0.0
409,0.0
410,0.0
411,0.0
412,0.0
413,0.0
414,0.0
415,0.0
416,0.0
417,0.0
418,0.0
419,0.0
420,0.0
421,0.0
422,0.0
423,0.0
424,0.0
425,0.0
426,0.0
427,0.0
428,0.0
429,0.0
430,0.0
431,0.0
432,0.0
433,0.0
434,0.0
435,0.0
436,0.0
437,0.0
438,0.0
439,0.0
440,0.0
441,0.0
442,0.0
443,0.0
444,0.0
445,0.0
446,0.0
447,0.0
448,0.0
449,0.0
450,0.0
451,0.0
452,0.0
453,0.0
454,0.0
455,0.0
456,0.0
457,0.0
458,0.0
459,0.0
460,0.0
461,0.0
462,0.0
463,0.0
464,0.0
465,0.0
466,0.0
467,0.0
468,0.0
469,0.0
470,0.0
471,0.0
472,0.0
473,0.0
474,0.0
475,0.0
476,0.0
477,0.0
478,0.0
479,0.0
480,0.0
481,0.0
482,0.0
483,0.0
484,0.0
485,0.0
486,0.0
487,0.0
488,0.0
489,0.0
490,0.0
491,0.0
492,0.0
493,0.0
494,0.0
495,0.0
496,0.0
497,0.0
498,0.0
499,0.0
0,0.1
1,0.075
2,0.05
3,0.1
4,0.075
5,0.05
6,0.1
7,0.075
8,0.1
9,0.1
10,0.025
11,0.05
12,0.1
13,0.075
14,0.1
15,0.1
16,0.025
17,0.05
18,0.1
19,0.075
20,0.05
21,0.1
22,0.075
23,0.1
24,0.1
25,0.025
26,0.05
27,0.1
28,0.075
29,0.05
30,0.1
31,0.075
32,0.1
33,0.1
34,0.025
35,0.05
36,0.1
37,0.075
38,0.05
39,0.1
40,0.075
41,0.1
42,0.075
43,0.05
44,0.1
45,0.075
46,0.05
47,0.1
48,0.075
49,0.05
50,0.1
51,0.075
52,0.05
53,0.1
54,0.075
55,0.05
56,0.1
57,0.075
58,0.1
59,0.075
60,0.05
61,0.1
62,0.075
63,0.05
64,0.1
65,0.075
66,0.05
67,0.1
68,0.075
69,0.05
70,0.1
71,0.025
72,0.05
73,0.1
74,0.075
75,0.05
76,0.1
77,0.075
78,0.05
79,0.1
80,0.075
81,0.05
82,0.1
83,0.025
84,0.05
85,0.1
86,0.075
87,0.05
88,0.1
89,0.075
90,0.05
91,0.1
92,0.075
93,0.05
94,0.1
95,0.025
96,0.05
97,0.1
98,0.075
99,0.05
100,0.05
101,0.1
102,0.025
103,0.05
104,0.1
105,0.075
106,0.05
107,0.05
108,0.1
109,0.025
110,0.05
111,0.1
112,0.075
113,0.05
114,0.05
115,0.1
116,0.025
117,0.05
118,0.1
119,0.075
120,0.05
121,0.05
122,0.1
123,0.025
124,0.05
125,0.05
126,0.1
127,0.025
128,0.05
129,0.05
130,0.1
131,0.025
132,0.05
133,0.05
134,0.1
135,0.025
136,0.05
137,0.05
138,0.1
139,0.025
140,0.05
141,0.05
142,0.075
143,0.05
144,0.05
145,0.1
146,0.025
147,0.05
148,0.05
149,0.05
150,0.1
151,0.025
152,0.05
153,0.05
154,0.075
155,0.05
156,0.05
157,0.1
158,0.025
159,0.05
160,0.05
161,0.1
162,0.025
163,0.05
164,0.05
165,0.1
166,0.025
167,0.05
168,0.05
169,0.1
170,0.025
171,0.05
172,0.05
173,0.1
174,0.025
175,0.05
176,0.05
177,0.1
178,0.025
179,0.05
180,0.05
181,0.1
182,0.025
183,0.05
184,0.05
185,0.05
186,0.1
187,0.025
188,0.05
189,0.05
190,0.075
191,0.05
192,0.05
193,0.075
194,0.05
195,0.05
196,0.1
197,0.025
198,0.05
199,0.05
200,0.05
201,0.1
202,0.025
203,0.05
204,0.05
205,0.075
206,0.05
207,0.05
208,0.1
209,0.025
210,0.05
211,0.05
212,0.05
213,0.1
214,0.025
215,0.05
216,0.05
217,0.075
218,0.05
219,0.05
220,0.075
221,0.05
222,0.05
223,0.1
224,0.025
225,0.05
226,0.05
227,0.05
228,0.05
229,0.075
230,0.05
231,0.05
232,0.05
233,0.05
234,0.1
235,0.025
236,0.05
237,0.05
238,0.05
239,0.05
240,0.1
241,0.025
242,0.05
243,0.05
244,0.05
245,0.05
246,0.075
247,0.05
248,0.05
249,0.05
250,0.075
251,0.05
252,0.05
253,0.05
254,0.0
255,0.0
256,0.0
257,0.0
258,0.0
259,0.0
260,0.0
261,0.0
262,0.0
263,0.0
264,0.0
265,0.0
266,0.0
267,0.0
268,0.0
269,0.0
270,0.0
271,0.0
272,0.0
273,0.0
274,0.0
275,0.0
276,0.0
277,0.0
278,0.0
279,0.0
280,0.0
281,0.0
282,0.0
283,0.0
284,0.0
285,0.0
286,0.0
287,0.0
288,0.0
289,0.0
290,0.0
291,0.0
292,0.0
293,0.0
294,0.0
295,0.0
296,0.0
297,0.0
298,0.0
299,0.0
300,0.0
301,0.0
302,0.0
303,0.0
304,0.0
305,0.0
306,0.0
307,0.0
308,0.0
309,0.0
310,0.0
311,0.0
312,0.0
313,0.0
314,0.0
315,0.0
316,0.0
317,0.0
318,0.0
319,0.0
320,0.0
321,0.0
322,0.0
323,0.0
324,0.0
325,0.0
326,0.0
327,0.0
328,0.0
329,0.0
330,0.0
331,0.0
332,0.0
333,0.0
334,0.0
335,0.0
336,0.0
337,0.0
338,0.0
339,0.0
340,0.0
341,0.0
342,0.0
343,0.0
344,0.0
345,0.0
346,0.0
347,0.0
348,0.0
349,0.0
350,0.0
351,0.0
352,0.0
353,0.0
354,0.0
355,0.0
356,0.0
357,0.0
358,0.0
359,0.0
360,0.0
361,0.0
362,0.0
363,0.0
364,0.0
365,0.0
366,0.0
367,0.0
368,0.0
369,0.0
370,0.0
371,0.0
372,0.0
373,0.0
374,0.0
375,0.0
376,0.0
377,0.0
378,0.0
379,0.0
380,0.0
381,0.0
382,0.0
383,0.0
384,0.0
385,0.0
386,0.0
387,0.0
388,0.0
389,0.0
390,0.0
391,0.0
392,0.0
393,0.0
394,0.0
395,0.0
396,0.0
397,0.0
398,0.0
399,0.0
400,0.0
401,0.0
402,0.0
403,0.0
404,0.0
405,0.0
406,0.0
407,0.0
408,0.0
409,0.0
410,0.0
411,0.0
412,0.0
413,0.0
414,0.0
415,0.0
416,0.0
417,0.0
418,0.0
419,0.0
420,0.0
421,0.0
422,0.0
423,0.0
424,0.0
425,0.0
426,0.0
427,0.0
428,0.0
429,0.0
430,0.0
431,0.0
432,0.0
433,0.0
434,0.0
435,0.0
436,0.0
437,0.0
438,0.0
439,0.0
440,0.0
441,0.0
442,0.0
443,0.0
444,0.0
445,0.0
446,0.0
447,0.0
448,0.0
449,0.0
450,0.0
451,0.0
452,0.0
453,0.0
454,0.0
455,0.0
456,0.0
457,0.0
458,0.0
459,0.0
460,0.0
461,0.0
462,0.0
463,0.0
464,0.0
465,0.0
466,0.0
467,0.0
468,0.0
469,0.0
470,0.0
471,0.0
472,0.0
473,0.0
474,0.0
475,0.0
476,0.0
477,0.0
478,0.0
479,0.0
480,0.0
481,0.0
482,0.0
483,0.0
484,0.0
485,0.0
486,0.0
487,0.0
488,0.0
489,0.0
490,0.0
491,0.0
492,0.0
493,0.0
494,0.0
495,0.0
496,0.0
497,0.0
498,0.0
499,0.0
0,0.05
1,0.05
2,0.0
3,0.0
4,0.0
5,0.0
6,0.0
7,0.0
8,0.0
9,0.0
10,0.0
11,0.0
12,0.0
13,0.0
14,0.0
15,0.0
16,0.0
17,0.0
18,0.0
19,0.0
20,0.0
21,0.0
22,0.0
23,0.0
24,0.0
25,0.0
26,0.0
27,0.0
28,0.0
29,0.0
30,0.0
31,0.0
32,0.0
33,0.0
34,0.0
35,0.0
36,0.0
37,0.0
38,0.0
39,0.0
40,0.0
41,0.0
42,0.0
43,0.0
44,0.0
45,0.0
46,0.0
47,0.0
48,0.0
49,0.0
50,0.0
51,0.0
52,0.0
53,0.0
54,0.0
55,0.0
56,0.0
57,0.0
58,0.0
59,0.0
60,0.0
61,0.0
62,0.0
63,0.0
64,0.0
65,0.0
66,0.0
67,0.0
68,0.0
69,0.0
70,0.0
71,0.0
72,0.0
73,0.0
74,0.0
75,0.0
76,0.0
77,0.0
78,0.0
79,0.0
80,0.0
81,0.0
82,0.0
83,0.0
84,0.0
85,0.0
86,0.0
87,0.0
88,0.0
89,0.0
90,0.0
91,0.0
92,0.0
93,0.0
94,0.0
95,0.0
96,0.0
97,0.0
98,0.0
99,0.0
100,0.0
101,0.0
102,0.0
103,0.0
104,0.0
105,0.0
106,0.0
107,0.0
108,0.0
109,0.0
110,0.0
111,0.0
112,0.0
113,0.0
114,0.0
115,0.0
116,0.0
117,0.0
118,0.0
119,0.0
120,0.0
121,0.0
122,0.0
123,0.0
124,0.0
125,0.0
126,0.0
127,0.0
128,0.0
129,0.0
130,0.0
131,0.0
132,0.0
133,0.0
134,0.0
135,0.0
136,0.0
137,0.0
138,0.0
139,0.0
140,0.0
141,0.0
142,0.0
143,0.0
144,0.0
145,0.0
146,0.0
147,0.0
148,0.0
149,0.0
150,0.0
151,0.0
152,0.0
153,0.0
154,0.0
155,0.0
156,0.0
157,0.0
158,0.0
159,0.0
160,0.0
161,0.0
162,0.0
163,0.0
164,0.0
165,0.0
166,0.0
167,0.0
168,0.0
169,0.0
170,0.0
171,0.0
172,0.0
173,0.0
174,0.0
175,0.0
176,0.0
177,0.0
178,0.0
179,0.0
180,0.0
181,0.0
182,0.0
183,0.0
184,0.0
185,0.0
186,0.0
187,0.0
188,0.0
189,0.0
190,0.0
191,0.0
192,0.0
193,0.0
194,0.0
195,0.0
196,0.0
197,0.0
198,0.0
199,0.0
200,0.0
201,0.0
202,0.0
203,0.0
204,0.0
205,0.0
206,0.0
207,0.0
208,0.0
209,0.0
210,0.0
211,0.0
212,0.0
213,0.0
214,0.0
215,0.0
216,0.0
217,0.0
218,0.0
219,0.0
220,0.0
221,0.0
222,0.0
223,0.0
224,0.0
225,0.0
226,0.0
227,0.0
228,0.0
229,0.0
230,0.0
231,0.0
232,0.0
233,0.0
234,0.0
235,0.0
236,0.0
237,0.0
238,0.0
239,0.0
240,0.0
241,0.0
242,0.0
243,0.0
244,0.0
245,0.0
246,0.0
247,0.0
248,0.0
249,0.0
250,0.0
251,0.0
252,0.0
253,0.0
254,0.0
255,0.0
256,0.0
257,0.0
258,0.0
259,0.0
260,0.0
261,0.0
262,0.0
263,0.0
264,0.0
265,0.0
266,0.0
267,0.0
268,0.0
269,0.0
270,0.0
271,0.0
272,0.0
273,0.0
274,0.0
275,0.0
276,0.0
277,0.0
278,0.0
279,0.0
280,0.0
281,0.0
282,0.0
283,0.0
284,0.0
285,0.0
286,0.0
287,0.0
288,0.0
289,0.0
290,0.0
291,0.0
292,0.0
293,0.0
294,0.0
295,0.0
296,0.0
297,0.0
298,0.0
299,0.0
300,0.0
301,0.0
302,0.0
303,0.0
304,0.0
305,0.0
306,0.0
307,0.0
308,0.0
309,0.0
310,0.0
311,0.0
312,0.0
313,0.0
314,0.0
315,0.0
316,0.0
317,0.0
318,0.0
319,0.0
320,0.0
321,0.0
322,0.0
323,0.0
324,0.0
325,0.0
326,0.0
327,0.0
328,0.0
329,0.0
330,0.0
331,0.0
332,0.0
333,0.0
334,0.0
335,0.0
336,0.0
337,0.0
338,0.0
339,0.0
340,0.0
341,0.0
342,0.0
343,0.0
344,0.0
345,0.0
346,0.0
347,0.0
348,0.0
349,0.0
350,0.0
351,0.0
352,0.0
353,0.0
354,0.0
355,0.0
356,0.0
357,0.0
358,0.0
359,0.0
360,0.0
361,0.0
362,0.0
363,0.0
364,0.0
365,0.0
366,0.0
367,0.0
368,0.0
369,0.0
370,0.0
371,0.0
372,0.0
373,0.0
374,0.0
375,0.0
376,0.0
377,0.0
378,0.0
379,0.0
380,0.0
381,0.0
382,0.0
383,0.0
384,0.0
385,0.0
386,0.0
387,0.0
388,0.0
389,0.0
390,0.0
391,0.0
392,0.0
393,0.0
394,0.0
395,0.0
396,0.0
397,0.0
398,0.0
399,0.0
400,0.0
401,0.0
402,0.0
403,0.0
404,0.0
405,0.0
406,0.0
407,0.0
408,0.0
409,0.0
410,0.0
411,0.0
412,0.0
413,0.0
414,0.0
415,0.0
416,0.0
417,0.0
418,0.0
419,0.0
420,0.0
421,0.0
422,0.0
423,0.0
424,0.0
425,0.0
426,0.0
427,0.0
428,0.0
429,0.0
430,0.0
431,0.0
432,0.0
433,0.0
434,0.0
435,0.0
436,0.0
437,0.0
438,0.0
439,0.0
440,0.0
441,0.0
442,0.0
443,0.0
444,0.0
445,0.0
446,0.0
447,0.0
448,0.0
449,0.0
450,0.0
451,0.0
452,0.0
453,0.0
454,0.0
455,0.0
456,0.0
457,0.0
458,0.0
459,0.0
460,0.0
461,0.0
462,0.0
463,0.0
464,0.0
465,0.0
466,0.0
467,0.0
468,0.0
469,0.0
470,0.0
471,0.0
472,0.0
473,0.0
474,0.0
475,0.0
476,0.0
477,0.0
478,0.0
479,0.0
480,0.0
481,0.0
482,0.0
483,0.0
484,0.0
485,0.0
486,0.0
487,0.0
488,0.0
489,0.0
490,0.0
491,0.0
492,0.0
493,0.0
494,0.0
495,0.0
496,0.0
497,0.0
498,0.0
499,0.0
0,0.025
1,0.075
2,0.1
3,0.075
4,0.1
5,0.075
6,0.1
7,0.075
8,0.1
9,0.075
10,0.1
11,0.05
12,0.075
13,0.05
14,0.075
15,0.1
16,0.05
17,0.125
18,0.05
19,0.075
20,0.05
21,0.05
22,0.075
23,0.05
24,0.05
25,0.125
26,0.05
27,0.075
28,0.1
29,0.05
30,0.125
31,0.05
32,0.075
33,0.1
34,0.05
35,0.125
36,0.05
37,0.075
38,0.1
39,0.05
40,0.075
41,0.05
42,0.05
43,0.125
44,0.05
45,0.05
46,0.075
47,0.05
48,0.05
49,0.125
50,0.05
51,0.05
52,0.075
53,0.05
54,0.05
55,0.075
56,0.05
57,0.05
58,0.125
59,0.05
60,0.05
61,0.075
62,0.05
63,0.05
64,0.125
65,0.05
66,0.05
67,0.075
68,0.05
69,0.05
70,0.125
71,0.05
72,0.05
73,0.075
74,0.05
75,0.05
76,0.075
77,0.05
78,0.05
79,0.125
80,0.05
81,0.05
82,0.075
83,0.05
84,0.05
85,0.125
86,0.05
87,0.05
88,0.075
89,0.05
90,0.05
91,0.075
92,0.05
93,0.05
94,0.125
95,0.05
96,0.05
97,0.075
98,0.05
99,0.05
100,0.125
101,0.05
102,0.05
103,0.075
104,0.05
105,0.05
106,0.05
107,0.075
108,0.05
109,0.05
110,0.075
111,0.05
112,0.05
113,0.075
114,0.05
115,0.05
116,0.075
117,0.05
118,0.05
119,0.05
120,0.075
121,0.05
122,0.05
123,0.075
124,0.05
125,0.05
126,0.075
127,0.05
128,0.05
129,0.075
130,0.05
131,0.05
132,0.05
133,0.075
134,0.05
135,0.1
136,0.075
137,0.05
138,0.1
139,0.075
140,0.05
141,0.05
142,0.075
143,0.05
144,0.05
145,0.075
146,0.05
147,0.05
148,0.05
149,0.075
150,0.05
151,0.1
152,0.075
153,0.05
154,0.1
155,0.075
156,0.05
157,0.1
158,0.075
159,0.05
160,0.1
161,0.075
162,0.05
163,0.1
164,0.075
165,0.05
166,0.1
167,0.075
168,0.05
169,0.1
170,0.075
171,0.05
172,0.05
173,0.075
174,0.05
175,0.05
176,0.05
177,0.075
178,0.05
179,0.1
180,0.075
181,0.05
182,0.1
183,0.075
184,0.05
185,0.1
186,0.075
187,0.05
188,0.1
189,0.075
190,0.05
191,0.1
192,0.075
193,0.05
194,0.1
195,0.075
196,0.05
197,0.1
198,0.075
199,0.05
200,0.1
201,0.075
202,0.05
203,0.1
204,0.05
205,0.0
206,0.0
207,0.0
208,0.0
209,0.0
210,0.0
211,0.0
212,0.0
213,0.0
214,0.0
215,0.0
216,0.0
217,0.0
218,0.0
219,0.0
220,0.0
221,0.0
222,0.0
223,0.0
224,0.0
225,0.0
226,0.0
227,0.0
228,0.0
229,0.0
230,0.0
231,0.0
232,0.0
233,0.0
234,0.0
235,0.0
236,0.0
237,0.0
238,0.0
239,0.0
240,0.0
241,0.0
242,0.0
243,0.0
244,0.0
245,0.0
246,0.0
247,0.0
248,0.0
249,0.0
250,0.0
251,0.0
252,0.0
253,0.0
254,0.0
255,0.0
256,0.0
257,0.0
258,0.0
259,0.0
260,0.0
261,0.0
262,0.0
263,0.0
264,0.0
265,0.0
266,0.0
267,0.0
268,0.0
269,0.0
270,0.0
271,0.0
272,0.0
273,0.0
274,0.0
275,0.0
276,0.0
277,0.0
278,0.0
279,0.0
280,0.0
281,0.0
282,0.0
283,0.0
284,0.0
285,0.0
286,0.0
287,0.0
288,0.0
289,0.0
290,0.0
291,0.0
292,0.0
293,0.0
294,0.0
295,0.0
296,0.0
297,0.0
298,0.0
299,0.0
300,0.0
301,0.0
302,0.0
303,0.0
304,0.0
305,0.0
306,0.0
307,0.0
308,0.0
309,0.0
310,0.0
311,0.0
312,0.0
313,0.0
314,0.0
315,0.0
316,0.0
317,0.0
318,0.0
319,0.0
320,0.0
321,0.0
322,0.0
323,0.0
324,0.0
325,0.0
326,0.0
327,0.0
328,0.0
329,0.0
330,0.0
331,0.0
332,0.0
333,0.0
334,0.0
335,0.0
336,0.0
337,0.0
338,0.0
339,0.0
340,0.0
341,0.0
342,0.0
343,0.0
344,0.0
345,0.0
346,0.0
347,0.0
348,0.0
349,0.0
350,0.0
351,0.0
352,0.0
353,0.0
354,0.0
355,0.0
356,0.0
357,0.0
358,0.0
359,0.0
360,0.0
361,0.0
362,0.0
363,0.0
364,0.0
365,0.0
366,0.0
367,0.0
368,0.0
369,0.0
370,0.0
371,0.0
372,0.0
373,0.0
374,0.0
375,0.0
376,0.0
377,0.0
378,0.0
379,0.0
380,0.0
381,0.0
382,0.0
383,0.0
384,0.0
385,0.0
386,0.0
387,0.0
388,0.0
389,0.0
390,0.0
391,0.0
392,0.0
393,0.0
394,0.0
395,0.0
396,0.0
397,0.0
398,0.0
399,0.0
400,0.0
401,0.0
402,0.0
403,0.0
404,0.0
405,0.0
406,0.0
407,0.0
408,0.0
409,0.0
410,0.0
411,0.0
412,0.0
413,0.0
414,0.0
415,0.0
416,0.0
417,0.0
418,0.0
419,0.0
420,0.0
421,0.0
422,0.0
423,0.0
424,0.0
425,0.0
426,0.0
427,0.0
428,0.0
429,0.0
430,0.0
431,0.0
432,0.0
433,0.0
434,0.0
435,0.0
436,0.0
437,0.0
438,0.0
439,0.0
440,0.0
441,0.0
442,0.0
443,0.0
444,0.0
445,0.0
446,0.0
447,0.0
448,0.0
449,0.0
450,0.0
451,0.0
452,0.0
453,0.0
454,0.0
455,0.0
456,0.0
457,0.0
458,0.0
459,0.0
460,0.0
461,0.0
462,0.0
463,0.0
464,0.0
465,0.0
466,0.0
467,0.0
468,0.0
469,0.0
470,0.0
471,0.0
472,0.0
473,0.0
474,0.0
475,0.0
476,0.0
477,0.0
478,0.0
479,0.0
480,0.0
481,0.0
482,0.0
483,0.0
484,0.0
485,0.0
486,0.0
487,0.0
488,0.0
489,0.0
490,0.0
491,0.0
492,0.0
493,0.0
494,0.0
495,0.0
496,0.0
497,0.0
498,0.0
499,0.0
