0,25.0
1,0.0
2,0.0
3,0.0
4,0.0
5,0.0
6,0.0
7,0.0
8,0.0
9,0.0
10,0.0
11,0.0
12,0.0
13,0.0
14,0.0
15,0.0
16,0.0
17,0.0
18,0.0
19,0.0
20,0.0
21,0.0
22,0.0
23,0.0
24,0.0
25,0.0
26,0.0
27,0.0
28,0.0
29,0.0
30,0.0
31,0.0
32,0.0
33,0.0
34,0.0
35,0.0
36,0.0
37,0.0
38,0.0
39,0.0
40,0.0
41,0.0
42,0.0
43,0.0
44,0.0
45,0.0
46,0.0
47,0.0
48,0.0
49,0.0
50,0.0
51,0.0
52,0.0
53,0.0
54,0.0
55,0.0
56,0.0
57,0.0
58,0.0
59,0.0
60,0.0
61,0.0
62,0.0
63,0.0
64,0.0
65,0.0
66,0.0
67,0.0
68,0.0
69,0.0
70,0.0
71,0.0
72,0.0
73,0.0
74,0.0
75,0.0
76,0.0
77,0.0
78,0.0
79,0.0
80,0.0
81,0.0
82,0.0
83,0.0
84,0.0
85,0.0
86,0.0
87,0.0
88,0.0
89,0.0
90,0.0
91,0.0
92,0.0
93,0.0
94,0.0
95,0.0
96,0.0
97,0.0
98,0.0
99,0.0
100,0.0
101,0.0
102,0.0
103,0.0
104,0.0
105,0.0
106,0.0
107,0.0
108,0.0
109,0.0
110,0.0
111,0.0
112,0.0
113,0.0
114,0.0
115,0.0
116,0.0
117,0.0
118,0.0
119,0.0
120,0.0
121,0.0
122,0.0
123,0.0
124,0.0
125,0.0
126,0.0
127,0.0
128,0.0
129,0.0
130,0.0
131,0.0
132,0.0
133,0.0
134,0.0
135,0.0
136,0.0
137,0.0
138,0.0
139,0.0
140,0.0
141,0.0
142,0.0
143,0.0
144,0.0
145,0.0
146,0.0
147,0.0
148,0.0
149,0.0
150,0.0
151,0.0
152,0.0
153,0.0
154,0.0
155,0.0
156,0.0
157,0.0
158,0.0
159,0.0
160,0.0
161,0.0
162,0.0
163,0.0
164,0.0
165,0.0
166,0.0
167,0.0
168,0.0
169,0.0
170,0.0
171,0.0
172,0.0
173,0.0
174,0.0
175,0.0
176,0.0
177,0.0
178,0.0
179,0.0
180,0.0
181,0.0
182,0.0
183,0.0
184,0.0
185,0.0
186,0.0
187,0.0
188,0.0
189,0.0
190,0.0
191,0.0
192,0.0
193,0.0
194,0.0
195,0.0
196,0.0
197,0.0
198,0.0
199,0.0
200,0.0
201,0.0
202,0.0
203,0.0
204,0.0
205,0.0
206,0.0
207,0.0
208,0.0
209,0.0
210,0.0
211,0.0
212,0.0
213,0.0
214,0.0
215,0.0
216,0.0
217,0.0
218,0.0
219,0.0
220,0.0
221,0.0
222,0.0
223,0.0
224,0.0
225,0.0
226,0.0
227,0.0
228,0.0
229,0.0
230,0.0
231,0.0
232,0.0
233,0.0
234,0.0
235,0.0
236,0.0
237,0.0
238,0.0
239,0.0
240,0.0
241,0.0
242,0.0
243,0.0
244,0.0
245,0.0
246,0.0
247,0.0
248,0.0
249,0.0
250,0.0
251,0.0
252,0.0
253,0.0
254,0.0
255,0.0
256,0.0
257,0.0
258,0.0
259,0.0
260,0.0
261,0.0
262,0.0
263,0.0
264,0.0
265,0.0
266,0.0
267,0.0
268,0.0
269,0.0
270,0.0
271,0.0
272,0.0
273,0.0
274,0.0
275,0.0
276,0.0
277,0.0
278,0.0
279,0.0
280,0.0
281,0.0
282,0.0
283,0.0
284,0.0
285,0.0
286,0.0
287,0.0
288,0.0
289,0.0
290,0.0
291,0.0
292,0.0
293,0.0
294,0.0
295,0.0
296,0.0
297,0.0
298,0.0
299,0.0
300,0.0
301,0.0
302,0.0
303,0.0
304,0.0
305,0.0
306,0.0
307,0.0
308,0.0
309,0.0
310,0.0
311,0.0
312,0.0
313,0.0
314,0.0
315,0.0
316,0.0
317,0.0
318,0.0
319,0.0
320,0.0
321,0.0
322,0.0
323,0.0
324,0.0
325,0.0
326,0.0
327,0.0
328,0.0
329,0.0
330,0.0
331,0.0
332,0.0
333,0.0
334,0.0
335,0.0
336,0.0
337,0.0
338,0.0
339,0.0
340,0.0
341,0.0
342,0.0
343,0.0
344,0.0
345,0.0
346,0.0
347,0.0
348,0.0
349,0.0
350,0.0
351,0.0
352,0.0
353,0.0
354,0.0
355,0.0
356,0.0
357,0.0
358,0.0
359,0.0
360,0.0
361,0.0
362,0.0
363,0.0
364,0.0
365,0.0
366,0.0
367,0.0
368,0.0
369,0.0
370,0.0
371,0.0
372,0.0
373,0.0
374,0.0
375,0.0
376,0.0
377,0.0
378,0.0
379,0.0
380,0.0
381,0.0
382,0.0
383,0.0
384,0.0
385,0.0
386,0.0
387,0.0
388,0.0
389,0.0
390,0.0
391,0.0
392,0.0
393,0.0
394,0.0
395,0.0
396,0.0
397,0.0
398,0.0
399,0.0
400,0.0
401,0.0
402,0.0
403,0.0
404,0.0
405,0.0
406,0.0
407,0.0
408,0.0
409,0.0
410,0.0
411,0.0
412,0.0
413,0.0
414,0.0
415,0.0
416,0.0
417,0.0
418,0.0
419,0.0
420,0.0
421,0.0
422,0.0
423,0.0
424,0.0
425,0.0
426,0.0
427,0.0
428,0.0
429,0.0
430,0.0
431,0.0
432,0.0
433,0.0
434,0.0
435,0.0
436,0.0
437,0.0
438,0.0
439,0.0
440,0.0
441,0.0
442,0.0
443,0.0
444,0.0
445,0.0
446,0.0
447,0.0
448,0.0
449,0.0
450,0.0
451,0.0
452,0.0
453,0.0
454,0.0
455,0.0
456,0.0
457,0.0
458,0.0
459,0.0
460,0.0
461,0.0
462,0.0
463,0.0
464,0.0
465,0.0
466,0.0
467,0.0
468,0.0
469,0.0
470,0.0
471,0.0
472,0.0
473,0.0
474,0.0
475,0.0
476,0.0
477,0.0
478,0.0
479,0.0
480,0.0
481,0.0
482,0.0
483,0.0
484,0.0
485,0.0
486,0.0
487,0.0
488,0.0
489,0.0
490,0.0
491,0.0
492,0.0
493,0.0
494,0.0
495,0.0
496,0.0
497,0.0
498,0.0
499,0.0
0,15.0
1,23.0
2,15.0
3,6.0
4,9.0
5,4.0
6,7.0
7,6.0
8,9.0
9,4.0
10,9.0
11,4.0
12,7.0
13,4.0
14,4.0
15,7.0
16,2.0
17,4.0
18,5.0
19,6.0
20,5.0
21,6.0
22,5.0
23,6.0
24,5.0
25,4.0
26,4.0
27,5.0
28,4.0
29,2.0
30,4.0
31,5.0
32,2.0
33,4.0
34,5.0
35,2.0
36,4.0
37,5.0
38,2.0
39,4.0
40,5.0
41,2.0
42,4.0
43,5.0
44,2.0
45,4.0
46,5.0
47,2.0
48,4.0
49,3.0
50,2.0
51,4.0
52,5.0
53,2.0
54,2.0
55,4.0
56,5.0
57,2.0
58,2.0
59,2.0
60,3.0
61,4.0
62,2.0
63,2.0
64,3.0
65,4.0
66,2.0
67,2.0
68,3.0
69,4.0
70,2.0
71,2.0
72,3.0
73,4.0
74,2.0
75,2.0
76,3.0
77,6.0
78,2.0
79,2.0
80,3.0
81,4.0
82,2.0
83,2.0
84,3.0
85,4.0
86,2.0
87,2.0
88,3.0
89,4.0
90,2.0
91,2.0
92,3.0
93,4.0
94,2.0
95,2.0
96,3.0
97,4.0
98,2.0
99,2.0
100,3.0
101,4.0
102,2.0
103,2.0
104,3.0
105,4.0
106,2.0
107,2.0
108,3.0
109,4.0
110,2.0
111,2.0
112,3.0
113,4.0
114,2.0
115,2.0
116,3.0
117,6.0
118,2.0
119,2.0
120,3.0
121,4.0
122,2.0
123,2.0
124,3.0
125,4.0
126,2.0
127,2.0
128,3.0
129,4.0
130,2.0
131,2.0
132,3.0
133,4.0
134,2.0
135,2.0
136,3.0
137,4.0
138,2.0
139,2.0
140,3.0
141,4.0
142,2.0
143,2.0
144,3.0
145,4.0
146,2.0
147,2.0
148,2.0
149,3.0
150,4.0
151,2.0
152,2.0
153,3.0
154,4.0
155,2.0
156,2.0
157,3.0
158,4.0
159,2.0
160,2.0
161,3.0
162,4.0
163,2.0
164,2.0
165,3.0
166,4.0
167,2.0
168,2.0
169,3.0
170,4.0
171,2.0
172,2.0
173,3.0
174,4.0
175,2.0
176,2.0
177,2.0
178,3.0
179,2.0
180,2.0
181,2.0
182,2.0
183,2.0
184,2.0
185,2.0
186,3.0
187,2.0
188,2.0
189,2.0
190,2.0
191,2.0
192,2.0
193,2.0
194,3.0
195,2.0
196,2.0
197,2.0
198,2.0
199,2.0
200,2.0
201,3.0
202,2.0
203,2.0
204,2.0
205,2.0
206,2.0
207,2.0
208,2.0
209,3.0
210,2.0
211,2.0
212,2.0
213,2.0
214,2.0
215,2.0
216,2.0
217,3.0
218,2.0
219,2.0
220,2.0
221,2.0
222,2.0
223,2.0
224,2.0
225,3.0
226,2.0
227,2.0
228,2.0
229,2.0
230,2.0
231,2.0
232,2.0
233,3.0
234,2.0
235,2.0
236,2.0
237,2.0
238,2.0
239,2.0
240,2.0
241,3.0
242,2.0
243,2.0
244,2.0
245,2.0
246,2.0
247,2.0
248,2.0
249,3.0
250,2.0
251,2.0
252,2.0
253,2.0
254,2.0
255,2.0
256,2.0
257,3.0
258,2.0
259,2.0
260,2.0
261,2.0
262,2.0
263,2.0
264,2.0
265,3.0
266,2.0
267,2.0
268,2.0
269,2.0
270,2.0
271,2.0
272,3.0
273,2.0
274,2.0
275,2.0
276,2.0
277,2.0
278,2.0
279,2.0
280,3.0
281,2.0
282,2.0
283,2.0
284,2.0
285,2.0
286,2.0
287,2.0
288,2.0
289,3.0
290,2.0
291,2.0
292,2.0
293,2.0
294,2.0
295,2.0
296,3.0
297,2.0
298,2.0
299,2.0
300,2.0
301,2.0
302,2.0
303,2.0
304,2.0
305,3.0
306,2.0
307,2.0
308,2.0
309,2.0
310,2.0
311,2.0
312,3.0
313,2.0
314,2.0
315,2.0
316,2.0
317,2.0
318,2.0
319,2.0
320,3.0
321,2.0
322,2.0
323,2.0
324,2.0
325,2.0
326,2.0
327,2.0
328,2.0
329,3.0
330,2.0
331,2.0
332,2.0
333,2.0
334,2.0
335,2.0
336,2.0
337,3.0
338,2.0
339,2.0
340,2.0
341,2.0
342,2.0
343,2.0
344,2.0
345,3.0
346,2.0
347,2.0
348,2.0
349,2.0
350,2.0
351,2.0
352,2.0
353,3.0
354,2.0
355,2.0
356,2.0
357,2.0
358,2.0
359,2.0
360,2.0
361,3.0
362,2.0
363,2.0
364,2.0
365,2.0
366,2.0
367,2.0
368,2.0
369,2.0
370,3.0
371,2.0
372,2.0
373,2.0
374,2.0
375,2.0
376,2.0
377,2.0
378,3.0
379,2.0
380,2.0
381,2.0
382,2.0
383,2.0
384,2.0
385,2.0
386,3.0
387,2.0
388,2.0
389,2.0
390,2.0
391,2.0
392,2.0
393,2.0
394,3.0
395,2.0
396,2.0
397,2.0
398,2.0
399,2.0
400,2.0
401,2.0
402,2.0
403,3.0
404,2.0
405,2.0
406,2.0
407,2.0
408,2.0
409,2.0
410,2.0
411,3.0
412,2.0
413,2.0
414,2.0
415,2.0
416,2.0
417,2.0
418,2.0
419,3.0
420,2.0
421,2.0
422,2.0
423,2.0
424,2.0
425,2.0
426,2.0
427,2.0
428,3.0
429,2.0
430,2.0
431,2.0
432,2.0
433,2.0
434,2.0
435,2.0
436,3.0
437,2.0
438,2.0
439,2.0
440,2.0
441,2.0
442,2.0
443,2.0
444,3.0
445,2.0
446,2.0
447,2.0
448,2.0
449,2.0
450,2.0
451,2.0
452,2.0
453,3.0
454,2.0
455,2.0
456,2.0
457,2.0
458,2.0
459,2.0
460,2.0
461,3.0
462,2.0
463,2.0
464,2.0
465,2.0
466,2.0
467,2.0
468,2.0
469,3.0
470,2.0
471,2.0
472,2.0
473,2.0
474,2.0
475,2.0
476,2.0
477,3.0
478,2.0
479,2.0
480,2.0
481,2.0
482,2.0
483,2.0
484,2.0
485,2.0
486,3.0
487,2.0
488,2.0
489,2.0
490,2.0
491,2.0
492,2.0
493,2.0
494,3.0
495,2.0
496,2.0
497,2.0
498,2.0
499,2.0
0,5.0
1,2.0
2,2.0
3,2.0
4,3.0
5,2.0
6,2.0
7,2.0
8,3.0
9,2.0
10,2.0
11,2.0
12,5.0
13,2.0
14,2.0
15,2.0
16,3.0
17,2.0
18,2.0
19,2.0
20,5.0
21,2.0
22,2.0
23,2.0
24,3.0
25,2.0
26,2.0
27,2.0
28,3.0
29,2.0
30,2.0
31,2.0
32,5.0
33,2.0
34,2.0
35,2.0
36,3.0
37,2.0
38,2.0
39,2.0
40,3.0
41,2.0
42,2.0
43,2.0
44,2.0
45,3.0
46,2.0
47,2.0
48,2.0
49,3.0
50,2.0
51,2.0
52,2.0
53,3.0
54,2.0
55,2.0
56,2.0
57,3.0
58,2.0
59,2.0
60,2.0
61,3.0
62,2.0
63,2.0
64,2.0
65,3.0
66,2.0
67,2.0
68,2.0
69,2.0
70,3.0
71,2.0
72,2.0
73,2.0
74,3.0
75,2.0
76,2.0
77,2.0
78,3.0
79,2.0
80,2.0
81,2.0
82,3.0
83,2.0
84,2.0
85,2.0
86,3.0
87,2.0
88,2.0
89,2.0
90,3.0
91,2.0
92,2.0
93,2.0
94,2.0
95,3.0
96,2.0
97,2.0
98,2.0
99,3.0
100,2.0
101,2.0
102,2.0
103,2.0
104,3.0
105,2.0
106,2.0
107,2.0
108,3.0
109,2.0
110,2.0
111,2.0
112,2.0
113,3.0
114,2.0
115,2.0
116,2.0
117,3.0
118,2.0
119,2.0
120,2.0
121,3.0
122,2.0
123,2.0
124,2.0
125,2.0
126,3.0
127,2.0
128,2.0
129,2.0
130,3.0
131,2.0
132,2.0
133,2.0
134,2.0
135,3.0
136,2.0
137,2.0
138,2.0
139,3.0
140,2.0
141,2.0
142,2.0
143,2.0
144,3.0
145,2.0
146,2.0
147,2.0
148,3.0
149,2.0
150,2.0
151,2.0
152,2.0
153,3.0
154,2.0
155,2.0
156,2.0
157,3.0
158,2.0
159,2.0
160,2.0
161,2.0
162,3.0
163,2.0
164,2.0
165,2.0
166,3.0
167,2.0
168,2.0
169,2.0
170,3.0
171,2.0
172,2.0
173,2.0
174,2.0
175,3.0
176,2.0
177,2.0
178,2.0
179,3.0
180,2.0
181,2.0
182,2.0
183,2.0
184,3.0
185,2.0
186,2.0
187,2.0
188,3.0
189,2.0
190,2.0
191,2.0
192,3.0
193,2.0
194,2.0
195,2.0
196,2.0
197,3.0
198,2.0
199,2.0
200,2.0
201,1.0
202,0.0
203,0.0
204,0.0
205,0.0
206,0.0
207,0.0
208,0.0
209,0.0
210,0.0
211,0.0
212,0.0
213,0.0
214,0.0
215,0.0
216,0.0
217,0.0
218,0.0
219,0.0
220,0.0
221,0.0
222,0.0
223,0.0
224,0.0
225,0.0
226,0.0
227,0.0
228,0.0
229,0.0
230,0.0
231,0.0
232,0.0
233,0.0
234,0.0
235,0.0
236,0.0
237,0.0
238,0.0
239,0.0
240,0.0
241,0.0
242,0.0
243,0.0
244,0.0
245,0.0
246,0.0
247,0.0
248,0.0
249,0.0
250,0.0
251,0.0
252,0.0
253,0.0
254,0.0
255,0.0
256,0.0
257,0.0
258,0.0
259,0.0
260,0.0
261,0.0
262,0.0
263,0.0
264,0.0
265,0.0
266,0.0
267,0.0
268,0.0
269,0.0
270,0.0
271,0.0
272,0.0
273,0.0
274,0.0
275,0.0
276,0.0
277,0.0
278,0.0
279,0.0
280,0.0
281,0.0
282,0.0
283,0.0
284,0.0
285,0.0
286,0.0
287,0.0
288,0.0
289,0.0
290,0.0
291,0.0
292,0.0
293,0.0
294,0.0
295,0.0
296,0.0
297,0.0
298,0.0
299,0.0
300,0.0
301,0.0
302,0.0
303,0.0
304,0.0
305,0.0
306,0.0
307,0.0
308,0.0
309,0.0
310,0.0
311,0.0
312,0.0
313,0.0
314,0.0
315,0.0
316,0.0
317,0.0
318,0.0
319,0.0
320,0.0
321,0.0
322,0.0
323,0.0
324,0.0
325,0.0
326,0.0
327,0.0
328,0.0
329,0.0
330,0.0
331,0.0
332,0.0
333,0.0
334,0.0
335,0.0
336,0.0
337,0.0
338,0.0
339,0.0
340,0.0
341,0.0
342,0.0
343,0.0
344,0.0
345,0.0
346,0.0
347,0.0
348,0.0
349,0.0
350,0.0
351,0.0
352,0.0
353,0.0
354,0.0
355,0.0
356,0.0
357,0.0
358,0.0
359,0.0
360,0.0
361,0.0
362,0.0
363,0.0
364,0.0
365,0.0
366,0.0
367,0.0
368,0.0
369,0.0
370,0.0
371,0.0
372,0.0
373,0.0
374,0.0
375,0.0
376,0.0
377,0.0
378,0.0
379,0.0
380,0.0
381,0.0
382,0.0
383,0.0
384,0.0
385,0.0
386,0.0
387,0.0
388,0.0
389,0.0
390,0.0
391,0.0
392,0.0
393,0.0
394,0.0
395,0.0
396,0.0
397,0.0
398,0.0
399,0.0
400,0.0
401,0.0
402,0.0
403,0.0
404,0.0
405,0.0
406,0.0
407,0.0
408,0.0
409,0.0
410,0.0
411,0.0
412,0.0
413,0.0
414,0.0
415,0.0
416,0.0
417,0.0
418,0.0
419,0.0
420,0.0
421,0.0
422,0.0
423,0.0
424,0.0
425,0.0
426,0.0
427,0.0
428,0.0
429,0.0
430,0.0
431,0.0
432,0.0
433,0.0
434,0.0
435,0.0
436,0.0
437,0.0
438,0.0
439,0.0
440,0.0
441,0.0
442,0.0
443,0.0
444,0.0
445,0.0
446,0.0
447,0.0
448,0.0
449,0.0
450,0.0
451,0.0
452,0.0
453,0.0
454,0.0
455,0.0
456,0.0
457,0.0
458,0.0
459,0.0
460,0.0
461,0.0
462,0.0
463,0.0
464,0.0
465,0.0
466,0.0
467,0.0
468,0.0
469,0.0
470,0.0
471,0.0
472,0.0
473,0.0
474,0.0
475,0.0
476,0.0
477,0.0
478,0.0
479,0.0
480,0.0
481,0.0
482,0.0
483,0.0
484,0.0
485,0.0
486,0.0
487,0.0
488,0.0
489,0.0
490,0.0
491,0.0
492,0.0
493,0.0
494,0.0
495,0.0
496,0.0
497,0.0
498,0.0
499,0.0
0,3.0
1,2.0
2,5.0
3,2.0
4,2.0
5,2.0
6,5.0
7,2.0
8,2.0
9,2.0
10,5.0
11,2.0
12,2.0
13,2.0
14,5.0
15,2.0
16,2.0
17,2.0
18,5.0
19,2.0
20,2.0
21,2.0
22,5.0
23,2.0
24,2.0
25,2.0
26,5.0
27,2.0
28,2.0
29,5.0
30,4.0
31,2.0
32,2.0
33,5.0
34,2.0
35,2.0
36,2.0
37,5.0
38,2.0
39,2.0
40,2.0
41,5.0
42,2.0
43,2.0
44,2.0
45,5.0
46,2.0
47,2.0
48,2.0
49,5.0
50,2.0
51,2.0
52,2.0
53,5.0
54,2.0
55,2.0
56,2.0
57,5.0
58,2.0
59,2.0
60,2.0
61,5.0
62,2.0
63,2.0
64,2.0
65,5.0
66,2.0
67,2.0
68,2.0
69,5.0
70,2.0
71,2.0
72,2.0
73,5.0
74,2.0
75,2.0
76,2.0
77,5.0
78,2.0
79,2.0
80,3.0
81,4.0
82,2.0
83,2.0
84,5.0
85,2.0
86,2.0
87,2.0
88,5.0
89,2.0
90,2.0
91,2.0
92,5.0
93,2.0
94,2.0
95,2.0
96,5.0
97,2.0
98,2.0
99,2.0
100,5.0
101,2.0
102,2.0
103,2.0
104,5.0
105,2.0
106,2.0
107,2.0
108,5.0
109,2.0
110,2.0
111,2.0
112,5.0
113,2.0
114,2.0
115,2.0
116,5.0
117,2.0
118,2.0
119,2.0
120,5.0
121,2.0
122,2.0
123,2.0
124,5.0
125,2.0
126,2.0
127,2.0
128,5.0
129,2.0
130,2.0
131,2.0
132,5.0
133,2.0
134,2.0
135,2.0
136,5.0
137,2.0
138,2.0
139,2.0
140,5.0
141,2.0
142,2.0
143,2.0
144,5.0
145,2.0
146,2.0
147,2.0
148,5.0
149,2.0
150,2.0
151,2.0
152,5.0
153,2.0
154,2.0
155,2.0
156,5.0
157,2.0
158,2.0
159,3.0
160,2.0
161,2.0
162,4.0
163,2.0
164,2.0
165,2.0
166,5.0
167,2.0
168,2.0
169,2.0
170,5.0
171,2.0
172,2.0
173,2.0
174,5.0
175,2.0
176,2.0
177,2.0
178,5.0
179,2.0
180,2.0
181,3.0
182,2.0
183,2.0
184,4.0
185,2.0
186,2.0
187,2.0
188,5.0
189,2.0
190,2.0
191,2.0
192,5.0
193,2.0
194,2.0
195,2.0
196,5.0
197,2.0
198,2.0
199,3.0
200,2.0
201,2.0
202,4.0
203,2.0
204,2.0
205,2.0
206,5.0
207,2.0
208,2.0
209,2.0
210,5.0
211,2.0
212,2.0
213,2.0
214,5.0
215,2.0
216,2.0
217,2.0
218,5.0
219,2.0
220,2.0
221,2.0
222,3.0
223,2.0
224,2.0
225,2.0
226,3.0
227,2.0
228,2.0
229,2.0
230,2.0
231,2.0
232,2.0
233,2.0
234,3.0
235,2.0
236,2.0
237,2.0
238,2.0
239,3.0
240,2.0
241,2.0
242,2.0
243,2.0
244,3.0
245,2.0
246,2.0
247,2.0
248,2.0
249,3.0
250,2.0
251,2.0
252,2.0
253,2.0
254,3.0
255,2.0
256,2.0
257,2.0
258,3.0
259,2.0
260,2.0
261,2.0
262,2.0
263,2.0
264,2.0
265,2.0
266,3.0
267,2.0
268,2.0
269,2.0
270,2.0
271,3.0
272,2.0
273,2.0
274,2.0
275,2.0
276,3.0
277,2.0
278,2.0
279,2.0
280,2.0
281,3.0
282,2.0
283,2.0
284,2.0
285,2.0
286,3.0
287,2.0
288,2.0
289,2.0
290,3.0
291,2.0
292,2.0
293,2.0
294,2.0
295,2.0
296,2.0
297,2.0
298,3.0
299,2.0
300,2.0
301,2.0
302,2.0
303,2.0
304,2.0
305,3.0
306,2.0
307,2.0
308,2.0
309,2.0
310,2.0
311,2.0
312,3.0
313,2.0
314,2.0
315,2.0
316,2.0
317,2.0
318,2.0
319,3.0
320,2.0
321,2.0
322,2.0
323,2.0
324,2.0
325,2.0
326,2.0
327,3.0
328,2.0
329,2.0
330,2.0
331,2.0
332,3.0
333,2.0
334,2.0
335,2.0
336,2.0
337,3.0
338,2.0
339,2.0
340,2.0
341,2.0
342,3.0
343,2.0
344,2.0
345,2.0
346,2.0
347,2.0
348,2.0
349,3.0
350,2.0
351,2.0
352,2.0
353,2.0
354,2.0
355,2.0
356,3.0
357,2.0
358,2.0
359,2.0
360,2.0
361,2.0
362,2.0
363,2.0
364,3.0
365,2.0
366,2.0
367,2.0
368,2.0
369,3.0
370,2.0
371,2.0
372,2.0
373,2.0
374,2.0
375,2.0
376,2.0
377,3.0
378,2.0
379,2.0
380,2.0
381,2.0
382,3.0
383,2.0
384,2.0
385,2.0
386,2.0
387,2.0
388,2.0
389,3.0
390,2.0
391,2.0
392,2.0
393,2.0
394,2.0
395,2.0
396,2.0
397,3.0
398,2.0
399,2.0
400,2.0
401,2.0
402,2.0
403,2.0
404,2.0
405,3.0
406,2.0
407,2.0
408,2.0
409,2.0
410,3.0
411,2.0
412,2.0
413,2.0
414,2.0
415,2.0
416,2.0
417,2.0
418,3.0
419,2.0
420,2.0
421,2.0
422,2.0
423,3.0
424,2.0
425,2.0
426,2.0
427,2.0
428,2.0
429,2.0
430,3.0
431,2.0
432,2.0
433,2.0
434,2.0
435,2.0
436,2.0
437,2.0
438,3.0
439,2.0
440,2.0
441,2.0
442,2.0
443,2.0
444,2.0
445,2.0
446,3.0
447,2.0
448,2.0
449,2.0
450,2.0
451,3.0
452,2.0
453,2.0
454,2.0
455,2.0
456,2.0
457,2.0
458,2.0
459,3.0
460,2.0
461,2.0
462,2.0
463,2.0
464,3.0
465,2.0
466,2.0
467,2.0
468,2.0
469,2.0
470,2.0
471,3.0
472,2.0
473,2.0
474,2.0
475,2.0
476,2.0
477,2.0
478,2.0
479,3.0
480,2.0
481,2.0
482,2.0
483,2.0
484,2.0
485,2.0
486,2.0
487,3.0
488,2.0
489,2.0
490,2.0
491,2.0
492,3.0
493,2.0
494,2.0
495,2.0
496,2.0
497,2.0
498,2.0
499,2.0
0,5.0
1,4.0
2,3.0
3,2.0
4,4.0
5,3.0
6,2.0
7,2.0
8,4.0
9,3.0
10,2.0
11,4.0
12,3.0
13,2.0
14,4.0
15,3.0
16,2.0
17,4.0
18,3.0
19,2.0
20,2.0
21,4.0
22,3.0
23,2.0
24,4.0
25,3.0
26,2.0
27,4.0
28,3.0
29,2.0
30,2.0
31,4.0
32,3.0
33,2.0
34,4.0
35,3.0
36,2.0
37,4.0
38,3.0
39,2.0
40,2.0
41,4.0
42,3.0
43,2.0
44,4.0
45,3.0
46,2.0
47,4.0
48,3.0
49,2.0
50,2.0
51,5.0
52,2.0
53,2.0
54,4.0
55,3.0
56,2.0
57,2.0
58,4.0
59,3.0
60,2.0
61,4.0
62,3.0
63,2.0
64,4.0
65,3.0
66,2.0
67,2.0
68,5.0
69,2.0
70,2.0
71,2.0
72,5.0
73,2.0
74,2.0
75,4.0
76,3.0
77,2.0
78,2.0
79,5.0
80,2.0
81,2.0
82,2.0
83,5.0
84,2.0
85,2.0
86,4.0
87,3.0
88,2.0
89,2.0
90,5.0
91,2.0
92,2.0
93,2.0
94,5.0
95,2.0
96,2.0
97,2.0
98,5.0
99,2.0
100,2.0
101,2.0
102,3.0
103,2.0
104,2.0
105,2.0
106,5.0
107,2.0
108,2.0
109,2.0
110,5.0
111,2.0
112,2.0
113,2.0
114,5.0
115,2.0
116,2.0
117,2.0
118,3.0
119,2.0
120,2.0
121,2.0
122,5.0
123,2.0
124,2.0
125,2.0
126,5.0
127,2.0
128,2.0
129,2.0
130,3.0
131,2.0
132,2.0
133,2.0
134,5.0
135,2.0
136,2.0
137,2.0
138,5.0
139,2.0
140,2.0
141,2.0
142,3.0
143,2.0
144,2.0
145,2.0
146,5.0
147,2.0
148,2.0
149,2.0
150,5.0
151,2.0
152,2.0
153,2.0
154,3.0
155,2.0
156,2.0
157,2.0
158,5.0
159,2.0
160,2.0
161,2.0
162,5.0
163,2.0
164,2.0
165,2.0
166,3.0
167,2.0
168,2.0
169,2.0
170,5.0
171,2.0
172,2.0
173,2.0
174,5.0
175,2.0
176,2.0
177,2.0
178,3.0
179,2.0
180,2.0
181,2.0
182,5.0
183,2.0
184,2.0
185,2.0
186,5.0
187,2.0
188,2.0
189,2.0
190,3.0
191,2.0
192,2.0
193,2.0
194,2.0
195,3.0
196,2.0
197,2.0
198,2.0
199,3.0
200,2.0
201,2.0
202,2.0
203,3.0
204,2.0
205,2.0
206,2.0
207,2.0
208,3.0
209,2.0
210,2.0
211,2.0
212,3.0
213,2.0
214,2.0
215,2.0
216,3.0
217,2.0
218,2.0
219,2.0
220,2.0
221,3.0
222,2.0
223,2.0
224,2.0
225,3.0
226,2.0
227,2.0
228,2.0
229,2.0
230,2.0
231,2.0
232,3.0
233,2.0
234,2.0
235,2.0
236,3.0
237,2.0
238,2.0
239,2.0
240,2.0
241,2.0
242,2.0
243,3.0
244,2.0
245,2.0
246,2.0
247,3.0
248,2.0
249,2.0
250,2.0
251,2.0
252,2.0
253,2.0
254,3.0
255,2.0
256,2.0
257,2.0
258,3.0
259,2.0
260,2.0
261,2.0
262,2.0
263,2.0
264,2.0
265,3.0
266,2.0
267,2.0
268,2.0
269,3.0
270,2.0
271,2.0
272,2.0
273,2.0
274,2.0
275,2.0
276,2.0
277,3.0
278,2.0
279,2.0
280,2.0
281,2.0
282,2.0
283,2.0
284,2.0
285,2.0
286,3.0
287,2.0
288,2.0
289,2.0
290,2.0
291,2.0
292,2.0
293,2.0
294,2.0
295,3.0
296,2.0
297,2.0
298,2.0
299,2.0
300,2.0
301,2.0
302,2.0
303,3.0
304,2.0
305,2.0
306,2.0
307,2.0
308,2.0
309,2.0
310,2.0
311,3.0
312,2.0
313,2.0
314,2.0
315,2.0
316,2.0
317,2.0
318,2.0
319,2.0
320,3.0
321,2.0
322,2.0
323,2.0
324,2.0
325,2.0
326,2.0
327,2.0
328,3.0
329,2.0
330,2.0
331,2.0
332,2.0
333,2.0
334,2.0
335,2.0
336,3.0
337,2.0
338,2.0
339,2.0
340,2.0
341,2.0
342,2.0
343,2.0
344,2.0
345,3.0
346,2.0
347,2.0
348,2.0
349,2.0
350,2.0
351,2.0
352,2.0
353,3.0
354,2.0
355,2.0
356,2.0
357,2.0
358,2.0
359,2.0
360,2.0
361,3.0
362,2.0
363,2.0
364,2.0
365,2.0
366,2.0
367,2.0
368,2.0
369,2.0
370,3.0
371,2.0
372,2.0
373,2.0
374,2.0
375,2.0
376,2.0
377,2.0
378,3.0
379,2.0
380,2.0
381,2.0
382,2.0
383,2.0
384,2.0
385,2.0
386,3.0
387,2.0
388,2.0
389,2.0
390,3.0
391,2.0
392,2.0
393,2.0
394,2.0
395,2.0
396,2.0
397,3.0
398,2.0
399,2.0
400,2.0
401,2.0
402,2.0
403,2.0
404,2.0
405,3.0
406,2.0
407,2.0
408,2.0
409,2.0
410,2.0
411,2.0
412,2.0
413,2.0
414,3.0
415,2.0
416,2.0
417,2.0
418,2.0
419,2.0
420,2.0
421,2.0
422,3.0
423,2.0
424,2.0
425,2.0
426,2.0
427,2.0
428,2.0
429,2.0
430,3.0
431,2.0
432,2.0
433,2.0
434,2.0
435,2.0
436,2.0
437,2.0
438,2.0
439,3.0
440,2.0
441,2.0
442,2.0
443,2.0
444,2.0
445,2.0
446,2.0
447,3.0
448,2.0
449,2.0
450,2.0
451,2.0
452,2.0
453,2.0
454,2.0
455,3.0
456,2.0
457,2.0
458,2.0
459,2.0
460,2.0
461,2.0
462,2.0
463,2.0
464,3.0
465,2.0
466,2.0
467,2.0
468,2.0
469,2.0
470,2.0
471,2.0
472,3.0
473,2.0
474,2.0
475,2.0
476,2.0
477,2.0
478,2.0
479,2.0
480,3.0
481,2.0
482,2.0
483,2.0
484,2.0
485,2.0
486,2.0
487,2.0
488,2.0
489,3.0
490,2.0
491,2.0
492,2.0
493,2.0
494,2.0
495,2.0
496,2.0
497,3.0
498,2.0
499,2.0
